-2.4781,5.7058
3.6017,6.5707
-15.595,2.7199
-0.95605,5.6377
-3.5049,5.4682
-11.134,3.5259
-7.0337,4.284
-3.3929,5.4847
11.784,8.3137
7.9898,7.759
-11.332,3.6057
9.2351,7.9877
-1.5976,4.9727
-5.2958,5.0709
-1.6476,6.2085
-5.9614,5.0965
-5.5823,5.1378
1.9873,6.3616
1.609,6.4029
1.6472,6.4285
-1.8504,5.6714
-10.664,3.6073
-1.6359,5.5888
2.6465,6.5148
-2.7069,5.3335
-0.14686,6.2287
-1.5906,6.4133
-6.4233,4.3356
-3.6216,5.3181
-8.6927,3.8379
-0.83306,6.2197
-10.38,4.2971
-10.013,3.5056
-8.7969,4.7716
-18.81,1.8693
1.7466,6.444
-3.4747,5.6219
-8.5409,4.3172
1.4273,6.9621
-13.028,4.1343
-5.4796,4.9409
-6.1325,4.2305
-3.5028,5.2033
-3.5326,5.061
-9.0566,3.9545
-5.141,4.6531
-5.7734,4.8639
-2.0558,6.1964
0.12787,5.847
0.20295,5.9851
-9.0509,4.5004
-4.6372,5.4163
-10.695,3.9721
-10.223,4.2211
-5.0321,5.239
2.1887,6.3627
-8.6101,4.3825
-3.2581,5.2719
-6.0581,4.5298
0.24086,6.251
-10.108,3.9742
-4.8473,4.9785
-2.4084,5.6124
0.16232,6.3345
2.243,6.5923
-4.5969,5.1373
-11.996,3.6479
-8.4817,4.3023
-9.9793,3.7631
6.0246,7.4769
-7.8874,4.8068
-1.4912,5.5671
-5.9025,5.3591
-0.83205,5.8028
-8.5875,4.1975
-11.577,3.4015
-11.672,3.4119
-2.7102,5.1996
-5.832,4.9296
-5.9196,5.2623
1.6572,6.5105
-3.6323,5.5207
-4.0722,5.5682
2.447,5.8183
-8.7733,4.1809
-1.7325,5.7679
-1.0831,6.0035
-6.1431,4.3982
-3.9884,4.9232
-10.468,4.1045
-10.384,3.8658
-4.5081,5.2566
-1.6123,5.422
7.127,7.0197
-8.128,4.5749
-4.1213,5.5163
-5.3869,5.3812
-14.067,2.7133
-7.0589,4.2018
-13.418,2.8625
-1.0583,5.7945
-9.1652,3.9744
-4.5305,5.4667
-7.5541,4.0672
-3.5764,4.7998
-7.8158,4.4819
-2.7019,5.8065
-1.5321,5.4829
3.0295,6.2854
-5.9105,4.7716
-15.03,2.4869
-8.938,4.1994
1.3536,6.5332
-10.029,4.0328
-0.49273,5.3835
-4.4182,4.9676
1.7387,6.2932
-14.197,3.6302
-5.9273,5.0684
-10.665,3.8251
8.6398,8.1592
-1.1294,5.4971
1.468,6.2248
-9.9633,4.3832
-7.198,4.9741
-6.278,4.9446
0.15207,6.1922
-6.3033,4.5681
-1.7095,5.8832
-14.624,2.7979
-6.6597,4.8226
-8.863,4.2893
-12.397,3.8083
-2.6174,5.3672
-3.6774,5.45
-4.843,5.2558
-11.256,3.4671
0.28841,6.1258
-3.3575,5.7864
-6.4027,4.7448
-4.8926,4.9349
-6.2289,4.8774
-13.209,3.2433
-6.3398,4.8509
-8.8995,4.1644
-9.5929,4.0554
-10.424,4.0205
-7.5026,4.8723
-14.393,3.2061
-0.47736,6.39
-2.5607,4.9269
-5.0939,4.8541
-5.1631,5.0332
-8.7437,3.9987
-0.22194,5.6175
-5.6248,5.0462
-8.3514,4.4873
1.3386,6.3781
-6.0543,4.8958
-7.7628,4.1894
-6.3778,4.5778
-8.9771,4.1564
-10.254,3.7314
6.848,7.5171
2.765,7.2554
-3.5575,5.159
-10.896,3.9765
-9.0594,3.8779
-5.828,5.2084
-1.2879,5.486
-11.248,3.7809
-15.928,2.5903
-11.797,3.7541
-3.4357,5.3232
-3.1644,5.3631
-2.8814,6.2651
-5.6111,4.6973
-4.1384,5.163
-7.2334,5.2999
-0.95676,5.5036
-11.387,3.8496
-2.8657,5.133
-8.9808,4.4764
-6.5708,4.7711
-2.4072,5.7143
-0.12623,5.9183
-10.242,3.9969
0.91301,6.6248
-1.9037,4.9917
-5.3183,4.4742
-5.9157,4.9299
-6.0207,4.6066
-6.4217,4.6256
-4.8919,4.5999
-4.7594,4.794
-1.1254,5.6785
2.1622,6.2603
-2.81,5.2036
-5.9836,4.6798
-2.0676,5.3339
-4.1406,5.5543
-9.83,3.7333
-0.54775,6.4234
-3.5598,5.189
-4.366,4.7202
-2.5833,5.3198
-3.7739,5.5144
-9.416,4.3945
-5.7614,4.8894
-5.6851,4.9409
-7.4954,4.6681
2.8898,6.2023
-9.1075,3.9958
-7.2693,4.0197
-8.3396,4.1902
-10.508,4.1412
-5.9017,5.0179
-6.2855,5.3823
2.1767,6.515
-6.168,4.1529
-9.9916,4.4555
2.5209,6.9
0.79116,6.0202
-6.077,4.8425
-12.065,3.7748
-7.0855,4.6819
-5.7314,5.0468
-3.7051,5.2331
-6.225,4.7385
-2.9202,5.4503
-3.1619,5.1533
-10.866,4.2014
-9.4463,4.0923
-8.4761,4.4826
-7.3819,4.2717
-6.5036,4.3892
-4.9415,4.9863
-19.208,2.0225
-7.1436,4.8985
0.8276,6.3629
-10.003,4.129
-0.62043,5.4883
-3.3568,5.0632
-5.136,5.0292
-4.1442,5.0769
-12.341,3.8623
-5.3965,5.2971
2.5232,6.375
-4.5387,5.3412
-4.8059,5.4333
-8.4436,4.3862
-5.1445,5.4283
-3.9102,5.5226
-3.0001,5.4695
-6.7486,4.8896
-6.1091,4.828
4.492,6.8245
-15.593,2.9344
5.457,7.1492
-3.4167,5.221
-0.3093,6.459
-12.806,3.4658
-7.7675,5.204
-6.3042,4.6497
-3.0173,5.5647
-12.834,3.844
-2.7878,6.2222
-10.689,3.922
-4.6895,4.8406
-1.9402,5.8525
-3.466,4.9415
0.078001,5.9614
-0.28108,6.0419
-8.053,4.7956
-3.7943,5.6519
-9.4295,4.0862
-11.2,3.9925
-0.66218,5.7967
-4.9998,5.1865
-5.2576,5.4875
-0.72643,5.9184
-2.2112,5.4857
-3.3574,5.195
0.8642,6.4016
-0.6389,6.2692
-3.8754,5.8296
-8.2381,4.3529
-8.0561,4.4209
0.59145,5.9653
-12.56,3.9082
-5.1147,4.9553
-14.141,2.9968
-0.21344,6.5951
-0.95819,6.0552
-4.9945,5.2032
-5.3323,4.6484
-16.662,2.7371
-2.2741,5.7043
-15.283,2.5885
-15.878,2.7112
-4.6251,4.9625
-9.4488,4.2389
-3.0699,5.1108
-1.8247,5.9566
-0.97688,6.3263
-8.2418,4.2512
-2.8922,5.4287
-4.528,5.2394
-1.1254,6.1319
-2.4852,5.6616
-0.78853,5.9734
-5.6188,4.7372
-5.6904,4.7935
-0.27312,6.1399
-14.961,3.4372
-7.3667,4.6762
-10.96,3.4408
-6.7945,4.7551
-1.9574,5.5964
-1.127,5.7234
-9.7605,3.9644
-7.2095,4.2999
-4.3573,5.041
-6.369,4.4988
-3.5843,5.1866
-3.1242,5.4168
-9.3619,4.157
-5.8294,4.7695
-15,2.9114
0.37222,6.1084
-7.9507,4.5257
-10.647,4.2065
-6.1911,4.9313
-11.701,3.5485
-5.0978,5.1487
-7.6298,4.3928
5.2147,6.5871
0.33988,5.4302
-16.711,2.1212
-2.93,5.3565
-11.558,3.4839
-6.1963,4.5522
-4.2289,5.1692
-1.4928,5.5315
-6.2807,4.5602
2.3935,6.6842
-7.2558,4.7592
-3.4638,6.0014
-1.8821,5.723
-4.6004,5.0982
-0.86797,5.6833
-3.484,5.255
-8.678,4.2334
-13.468,2.7727
3.7176,6.7106
-7.8355,4.6314
-4.5152,4.9382
-2.3585,5.6797
-4.4672,5.3886
-9.2435,4.4358
-7.1938,4.7704
-5.5858,4.2428
1.9369,6.2597
-9.0376,4.4284
-1.3196,5.8641
-3.5524,5.2975
-6.0969,4.8989
-9.9576,4.3047
-6.3327,4.7708
-5.4066,4.7029
-11.892,3.5394
-4.0986,5.1258
-8.8569,4.464
-5.442,5.0259
-3.423,5.477
-9.2432,4.1738
-6.352,4.6213
-3.3581,5.3531
-13.611,3.2998
-0.14084,5.5996
6.3717,7.3765
-0.50001,6.1821
-6.4811,4.666
-2.9896,5.8547
-9.8592,4.1642
3.808,6.6831
-0.58771,5.8591
-1.307,5.6778
-9.1082,4.2277
-3.4993,5.5198
-7.6186,4.382
-6.4607,4.8305
-7.6736,4.9482
-9.8111,4.2786
-9.2624,4.3609
-5.9845,4.5688
-12.968,3.2194
-2.1501,5.6513
-5.5525,4.8586
-1.7206,5.2125
-3.7352,4.8316
-2.6816,5.7636
-11.956,3.3633
-9.7855,4.6073
-7.0966,3.9445
-4.4857,5.2318
0.29424,6.0831
-6.36,4.5085
0.9172,6.3244
-2.7701,5.2322
0.5071,6.3689
-4.4046,5.1407
-8.0807,3.9075
-11.948,2.8949
-4.2707,5.0691
-1.1607,6.1085
-6.3724,4.7704
-7.5365,4.4965
-6.4477,4.8979
-10.143,3.5549
-7.3124,4.929
-5.8477,4.5745
-4.785,5.0546
-5.2992,4.8363
-2.1326,5.6287
-4.4873,4.5565
3.5085,7.1702
-3.5365,5.4533
3.4638,7.2981
-8.3917,4.7058
-2.5303,5.5084
-6.2207,4.4855
-2.1851,5.0853
-2.2142,5.5746
-15.253,2.9645
-11.224,4.0218
-11.759,3.3493
-3.1152,5.6097
1.8959,6.4307
-6.5329,4.4682
-1.1899,5.9977
-2.4412,5.5983
-9.9326,3.9248
-3.1357,5.9108
-8.5267,4.4505
2.1119,6.4236
-5.1528,5.047
2.6735,6.5941
-6.9937,4.6412
-2.2353,5.6934
-5.2945,4.7695
-14.484,2.8353
-9.6066,4.1595
-2.1271,6.1193
-5.2574,4.8608
-10.247,3.6411
-7.938,4.3318
-3.8297,5.1029
-9.6577,3.955
-0.42708,6.0695
-8.0052,4.3486
3.4843,6.5678
-10.065,3.8388
-4.0657,4.8181
-12.134,3.2983
-8.3941,3.9072
-7.7826,4.2853
-3.1176,5.079
-0.581,5.7044
-3.5906,5.2032
-6.7499,4.3035
-1.175,5.7769
-1.2529,5.8625
-4.4362,4.8437
-2.3206,5.8622
-3.0638,4.9487
-9.6293,3.9426
-1.4373,5.31
-8.0825,4.2723
-7.8326,4.0472
-4.17,5.0076
-6.4423,4.4961
-5.6183,4.5393
-2.2075,4.9888
-0.089919,6.1637
-5.9285,5.3742
-3.4631,5.9414
-6.1177,4.6326
-3.9231,5.2073
-2.9362,5.2908
-7.8934,4.4296
-3.7109,5.0046
-2.1806,5.0353
-4.567,5.0783
3.1137,6.3141
-7.8544,3.8796
-8.4571,4.9625
-13.208,3.2553
-0.72946,5.9874
-0.93302,6.1682
-5.3747,4.4482
-0.78577,5.9785
-4.1384,5.3178
-3.6361,5.3024
-4.4702,5.1529
-2.9364,5.2732
-4.5232,5.3015
8.0738,7.4345
-10.472,3.6561
-13.697,3.4256
-10.35,4.3813
-10.128,3.8421
-7.0338,4.4415
-5.7902,4.9535
-6.025,5.0928
-2.4609,5.7924
-3.1742,5.4497
-1.4764,5.5418
3.3408,6.8837
0.73667,6.1511
-11.019,4.1572
-15.924,2.3684
-0.76957,5.9051
-13.61,3.6026
-4.6869,4.9245
-4.8336,4.8578
5.4463,6.8734
-5.3246,4.855
-7.3796,4.4567
-3.894,5.2648
-3.8471,4.9867
-4.6715,5.0905
-7.8545,4.2458
-10.734,3.723
-3.5155,5.0673
-11.299,3.632
-9.8414,5.0166
1.244,7.2382
-6.9648,4.9216
-5.6582,5.0874
-0.77946,5.5028
-6.4076,4.5472
-0.17185,5.8129
-6.6185,4.8199
-0.24954,6.1079
-2.0482,5.6344
-5.9991,4.6997
-9.0605,3.9083
-9.8926,4.0007
-6.2667,5.0622
-7.0551,4.7002
-6.9169,4.659
-0.38676,6.1291
-6.3963,4.8792
0.36433,5.6413
-7.4935,4.4953
-0.43826,5.8129
-7.4496,3.9253
-4.1718,4.7947
-0.44684,5.8411
-6.9417,4.8356
-7.0557,4.5149
4.3967,6.996
-0.53945,5.6591
-7.0263,3.9771
-1.9562,5.6491
-6.6889,4.3863
-1.6891,6.0079
1.6409,6.8477
-12.526,3.3558
-0.17425,6.3235
1.8385,6.6677
-4.7773,4.6464
3.1907,6.666
-4.2712,5.2227
-10.803,3.9606
-15.288,3.0864
-6.5638,4.8703
-1.6532,5.8759
-3.5112,5.2164
-3.06,5.5038
-7.7068,3.8109
-4.3246,4.8086
-12.686,3.7669
-8.5651,4.0844
-8.8405,4.3068
-2.5623,5.924
-5.0664,4.7357
-10.42,3.6208
-5.0447,4.8519
-8.2355,4.4626
-8.1271,4.3026
-0.94678,5.5533
-4.468,4.6652
-3.1315,5.2778
-0.85381,5.7857
-4.1545,5.022
-2.4163,5.4546
-1.7966,5.3463
0.49064,6.278
-2.768,4.8432
1.624,6.3957
-4.894,5.2104
-5.2245,4.7147
2.98,6.6162
-7.3908,4.5933
-5.0134,4.8239
-0.68544,5.8787
-4.2973,5.26
1.5897,6.0836
-0.14954,6.2277
-3.6324,5.5884
-8.6477,4.3445
-2.342,5.548
-11.485,3.3451
-3.8533,5.3741
-1.2081,5.4327
-4.0007,5.6531
-0.87395,5.9925
4.5632,7.0308
-0.66637,5.7754
-3.748,4.6423
-1.9903,5.2784
-3.0043,5.5112
-11.167,4.4191
-6.9531,4.8093
0.7443,6.2623
-5.2044,4.8053
-2.2682,5.5933
-9.7209,4.3058
-4.6974,4.9903
-2.1844,6.1095
-11.386,3.3496
-3.3696,5.2274
-5.8529,4.8403
-9.4068,3.5475
-5.176,5.1235
-13.894,3.2026
-14.981,2.9812
-10.52,4.095
-9.646,4.344
-10.502,4.1008
-13.093,3.2124
-3.6481,5.2634
-12.477,3.5702
-4.483,4.7513
-1.3083,5.4629
-5.0104,4.8774
-4.5633,5.1112
-6.7737,5.1423
-11.954,3.8024
-5.2055,4.8332
-0.49333,5.7444
3.1531,7.1003
-7.0178,5.3582
-12.633,3.486
-4.2198,5.0245
-3.2352,4.9626
-6.0645,5.0572
-10.389,3.9794
4.495,7.2708
-16.067,2.48
-7.392,4.5786
-11.199,3.5476
-7.9837,4.7493
-3.5091,5.1495
-4.3525,5.1078
-8.3336,4.22
-1.3555,6.0258
-2.0807,5.718
-1.9635,5.3379
-6.9964,4.4132
-0.08172,5.7111
-1.901,5.7765
6.7672,7.5005
-0.011932,5.559
0.42644,5.5722
-4.7515,5.0394
-11.043,3.9606
-6.7412,4.6915
-8.5544,3.8376
-7.6452,4.0213
-2.3962,5.7772
-7.6115,4.4248
-9.1985,4.0323
-6.9199,4.9785
-5.7546,4.621
-3.0801,5.4309
-9.4683,4.2039
-3.5116,5.5357
-4.6341,4.8339
1.2119,6.3714
-5.9999,5.5707
-5.6308,4.4443
-10.494,3.9986
-11.497,3.6062
-3.5436,5.0646
-6.1702,4.526
-2.6372,5.6237
-9.187,4.7967
3.9517,6.6071
-4.4267,5.2698
-0.088979,5.8469
-6.0644,5.3398
-5.7622,4.9977
-1.7634,5.6231
-2.3933,5.708
-10.254,3.9236
-12.189,3.8418
-10.149,3.8944
-11.641,3.3254
-4.7206,5.1267
-6.9289,5.0457
-6.7261,4.3094
-11.383,3.6259
-1.3435,6.0313
-2.939,4.88
-5.4204,5.0904
-0.21024,6.1921
-9.0993,4.2217
-3.0549,5.1806
-3.3657,5.3323
-3.3619,5.3614
-8.4205,4.5641
-3.467,5.5007
-7.415,4.4072
-9.2047,4.5968
-10.644,3.8312
-0.13221,5.7665
-8.9678,4.0647
-5.811,5.0763
-10.669,3.8955
-6.3936,4.9656
-20.16,1.9187
-10.098,4.6585
-11.691,3.1617
-9.7582,3.9094
-6.0003,4.7716
-6.526,4.713
4.12,7.2762
-7.6819,4.5133
-6.1728,4.7277
-12.361,3.5137
-7.2391,4.7539
-11.276,3.5219
-4.8579,5.1562
-0.99867,5.3771
-3.1039,5.3656
-8.2862,4.0622
-12.648,3.2515
1.8481,6.4804
4.6156,6.6495
-4.4348,4.8367
-9.6431,3.6228
0.61805,5.5206
-7.7798,4.3887
-7.2036,4.8772
-0.84252,5.7991
-11.497,3.605
-14.178,2.8275
-3.0268,5.8502
-3.1204,5.3141
-4.5537,5.4562
-2.6703,5.5786
0.076158,5.9641
-0.4482,6.2363
-7.6668,4.7316
-1.2009,5.7457
-4.1874,5.5317
-7.3712,5.0174
-10.597,3.8366
-1.9654,5.5486
-6.6586,4.7749
-4.7822,5.1438
-8.7193,4.467
-12.273,3.4403
-4.1952,5.3663
-5.2915,5.2361
0.62394,6.2004
-1.2397,5.8124
-0.059564,5.6568
-8.5125,3.9508
-9.3918,3.6895
-10.953,3.4315
-2.6643,5.434
8.082,7.2204
-1.5874,6.3315
-8.626,4.4668
-1.0758,5.2195
-10.292,3.5918
-11.681,3.6031
-1.6349,5.2052
-8.6487,4.124
-3.5179,5.6109
1.5972,6.3032
-3.1186,5.3659
-0.63951,5.6094
-12.532,3.3027
-1.8971,5.2535
5.0305,7.1544
-2.4618,5.3916
-12.227,3.7426
-5.9528,5.1541
-7.345,4.8241
-3.2035,5.3576
-3.0674,5.2532
-3.0981,5.0438
-6.7063,4.6844
-7.8108,4.6957
-7.7654,4.3382
-0.99654,5.77
-13.691,3.396
-5.9723,5.0448
-3.7318,4.8598
-8.0618,4.4301
-2.7616,5.5131
-5.3345,4.889
-9.401,4.3516
-4.2431,5.0521
-6.2579,4.5097
-6.9225,4.6846
-8.3364,4.4472
-4.7118,4.9976
-13.659,3.4534
-6.8683,4.1897
-7.5495,4.1754
-9.2772,3.2587
-1.9386,5.7733
-8.444,4.016
-2.4642,5.4473
-0.4229,6.2209
-5.7358,4.8639
-3.697,5.1423
-2.0004,5.3743
-5.3798,4.8545
-2.4631,5.689
-10.922,3.3611
0.20835,6.0461
-9.6415,4.2713
-13.578,2.8447
1.4939,6.5171
-5.2942,5.1325
-2.8944,5.1819
-6.7038,4.2272
-9.787,4.143
-19.414,2.2797
-2.0625,5.7641
-6.3447,4.9401
-5.9256,4.4773
-3.0975,5.5538
-11.657,3.4747
-8.4214,4.1418
0.38144,5.6619
-2.1958,5.8839
-11.01,3.8201
-15.334,3.1692
-7.6794,4.8781
-3.9963,4.8846
-0.57986,6.0855
-4.5604,5.0863
-10.264,4.1811
-3.564,5.6061
-10.499,4.1067
-9.5073,3.8474
-8.0663,4.3371
-10.766,3.895
-6.2709,5.6309
-9.2211,4.4825
-6.34,5.3804
-7.1689,4.6733
-6.9221,4.6666
-7.3618,4.6898
0.78468,6.0344
-2.1374,5.9357
-4.7229,5.0122
-11.881,3.2052
-12.626,3.6858
-14.216,2.6726
7.2195,6.9793
-0.43916,6.0142
-3.7947,4.9784
-9.5696,3.8084
-10.377,3.8545
-2.4313,5.3875
2.3409,6.4387
-12.942,3.4521
-7.1079,4.2393
-5.3954,4.5738
-14.343,2.4967
-1.0542,5.697
-6.9449,4.7895
3.9689,6.6365
-6.8335,4.7664
-3.0808,5.545
-10.358,4.1834
-7.9309,4.6795
-10.482,3.6844
-3.1587,5.135
1.1062,6.2626
-7.7844,4.2429
-2.9532,5.8284
-7.3657,4.9053
-4.5211,5.1248
0.61091,6.0272
-4.4358,5.2595
-9.8632,3.8202
-9.0202,4.1424
-5.7968,4.6874
-5.899,4.8459
-9.061,4.4876
-4.1526,5.3827
0.94055,6.5377
-6.1781,4.501
-5.9595,4.8544
-15.326,2.6105
-8.6328,4.3655
-11.535,3.7551
-6.8116,4.9951
-2.5348,5.8143
2.1448,6.6457
3.4357,6.583
-5.5482,4.7536
-6.5019,4.1142
-1.1655,5.6579
-2.7009,5.0328
-1.4107,5.9964
-1.3495,6.0011
-11.943,3.6188
-2.4655,5.4117
-5.4294,4.9525
-8.5659,4.7233
-8.2533,4.7151
1.0106,6.103
-8.798,4.2706
-10.801,3.4974
-3.993,5.319
4.4314,7.1376
-4.8801,5.2784
-3.5539,4.8639
-9.4008,4.2422
2.8528,6.3625
-4.4138,5.0137
-2.5136,5.7308
-9.4656,4.1707
-0.99418,5.7732
-3.1747,5.5445
-10.422,4.3519
-4.8136,4.8623
-7.1135,4.1869
-4.4876,4.777
-6.1752,4.4933
-5.8907,4.6285
-9.8448,4.1717
-6.5164,4.1016
-1.4047,5.802
3.1832,6.4543
-10.443,4.1967
6.1511,7.0396
2.1579,6.4663
-4.2096,4.8972
-6.4128,4.5188
-8.277,4.2563
-1.094,5.7344
-8.258,4.1856
-7.1664,4.8751
-0.85547,6.0029
-2.9552,5.9415
-0.79388,5.7821
-2.6326,5.7851
-6.8804,4.0233
-7.4102,4.6871
-1.2647,5.8688
-8.1482,4.2505
0.56592,6.3346
-1.2913,6.0061
-3.6505,5.5676
-4.9849,5.1215
-3.2851,5.5203
11.542,8.1934
-5.5274,4.5832
-12.301,3.4311
3.9826,6.89
-2.1396,5.8533
-8.039,4.1554
7.2764,7.373
-2.4158,6.3675
-3.6201,5.1067
-8.6484,4.7953
-9.995,4.2494
-13.295,3.1461
-6.9837,4.5642
-9.9395,3.929
-1.9618,5.755
-6.4898,5.0804
3.2973,6.2353
2.0853,7.02
-4.2307,5.3767
-6.3263,4.5739
0.40414,6.0699
-10.378,3.9845
1.5377,1.3107
2.8339,5.3673
-1.2588,-12.694
1.8622,0.99107
1.3188,0.19593
-0.30769,-8.9139
0.56641,-5.3581
1.3426,0.27333
4.5784,13.543
3.7694,10.941
-0.34989,-8.54
4.0349,12.014
1.7254,-2.1281
0.93695,-1.6675
1.7147,3.6684
0.79503,-1.5475
0.87586,-1.3536
2.4897,4.3865
2.409,4.5801
2.4172,4.7005
1.6715,1.1493
-0.20749,-8.5323
1.7172,0.76159
2.6302,5.1049
1.4889,-0.43582
2.0347,3.7631
1.7269,4.6289
0.69656,-5.1161
1.2939,-0.5078
0.21272,-7.4509
1.8884,3.7208
-0.14707,-5.2967
-0.06887,-9.0093
0.1905,-3.0715
-1.9443,-16.684
2.4384,4.7728
1.3252,0.9171
0.24507,-5.2025
2.3703,7.2032
-0.71152,-6.0605
0.89776,-2.2771
0.75855,-5.6093
1.3192,-1.0464
1.3129,-1.7141
0.13512,-6.9036
0.96995,-3.627
0.83512,-2.6385
1.6277,3.6115
2.0933,1.9727
2.1093,2.6206
0.13635,-4.3433
1.0774,-0.047472
-0.21412,-6.8212
-0.1135,-5.6535
0.99315,-0.87896
2.5326,4.3918
0.23033,-4.8961
1.3714,-0.72451
0.77442,-4.2055
2.1174,3.8678
-0.089064,-6.8116
1.0326,-2.101
1.5525,0.87229
2.1006,4.2593
2.5442,5.4688
1.0859,-1.3559
-0.49159,-8.342
0.2577,-5.2726
-0.061582,-7.8016
3.3505,9.6179
0.3844,-2.9064
1.7481,0.6598
0.80758,-0.3157
1.8886,1.7656
0.23515,-5.7643
-0.40227,-9.4976
-0.42238,-9.4489
1.4882,-1.0638
0.82262,-2.33
0.80395,-0.76957
2.4193,5.0847
1.2916,0.44213
1.1978,0.66525
2.5877,1.8381
0.19553,-5.8418
1.6966,1.6018
1.8351,2.7067
0.75628,-4.8229
1.2157,-2.3601
-0.16584,-6.2003
-0.14795,-7.32
1.1049,-0.79639
1.7223,-0.02067
3.5855,7.4734
0.33311,-3.994
1.1873,0.42159
0.91751,-0.21222
-0.93302,-12.725
0.56103,-5.7438
-0.79468,-12.026
1.8404,1.7266
0.11197,-6.8104
1.1001,0.18888
0.45547,-6.3753
1.3035,-2.9391
0.39967,-4.4299
1.49,1.7829
1.7394,0.2651
2.7119,4.0292
0.80588,-3.0711
-1.1384,-13.787
0.16041,-5.7552
2.3546,5.1915
-0.072155,-6.5367
1.961,-0.2014
1.124,-2.1519
2.4367,4.0656
-0.9609,-8.4249
0.8023,-1.6794
-0.20785,-7.5108
3.908,12.818
1.8252,0.33143
2.379,3.7447
-0.05818,-4.8932
0.53138,-2.1213
0.72753,-2.2599
2.0984,3.5921
0.72213,-4.0258
1.7015,2.1423
-1.0518,-12.329
0.64615,-2.8323
0.17641,-5.3333
-0.57706,-7.5896
1.508,-0.27748
1.282,0.11046
1.0335,-0.80006
-0.33368,-9.19
2.1275,3.2804
1.3502,1.6888
0.70093,-3.1971
1.0229,-2.3053
0.738,-2.5749
-0.75021,-10.24
0.71435,-2.6992
0.16863,-5.9194
0.020794,-6.4307
-0.1564,-6.5942
0.46644,-2.5988
-1.0026,-10.414
1.9642,4.5196
1.5201,-2.343
0.97997,-2.6844
0.96523,-1.8443
0.20184,-6.6966
2.0187,0.89615
0.86678,-1.7832
0.28547,-4.4049
2.3514,4.4641
0.77523,-2.4885
0.41097,-5.8023
0.70625,-3.9803
0.15207,-5.9568
-0.12013,-7.9505
3.526,9.806
2.6555,8.5786
1.3075,-1.254
-0.25712,-6.8005
0.13453,-7.263
0.82347,-1.0223
1.7914,0.27932
-0.332,-7.7179
-1.3299,-13.303
-0.4491,-7.8436
1.3335,-0.48418
1.3914,-0.2971
1.4517,3.9338
0.86972,-3.4198
1.1837,-1.2354
0.52385,-0.59338
1.862,0.36217
-0.36169,-7.3961
1.455,-1.3764
0.15129,-4.4558
0.66511,-3.0737
1.5528,1.3502
2.0391,2.307
-0.11764,-6.705
2.2607,5.6209
1.6601,-2.039
0.93213,-4.466
0.80478,-2.3289
0.78239,-3.8454
0.69689,-3.756
1.023,-3.8765
1.0513,-2.9662
1.8261,1.1826
2.527,3.9113
1.4669,-1.0451
0.79029,-3.5018
1.6252,-0.43367
1.1832,0.59967
-0.029768,-7.9415
1.9492,4.6764
1.3071,-1.1136
1.1352,-3.3122
1.5152,-0.49983
1.2614,0.41256
0.058514,-4.8398
0.83766,-2.5186
0.85395,-2.2771
0.46799,-3.5568
2.6821,3.6393
0.12427,-6.7103
0.51618,-6.5982
0.288,-5.7981
-0.17421,-6.0282
0.80776,-1.916
0.72593,-0.2068
2.5301,5.1059
0.75098,-5.9734
-0.064213,-4.5541
2.6035,6.9119
2.2347,2.7853
0.77037,-2.7388
-0.50616,-7.7466
0.55537,-3.4919
0.84406,-1.7805
1.2761,-0.9068
0.73884,-3.2266
1.4434,0.11193
1.3919,-1.2811
-0.25068,-5.7457
0.052039,-6.2574
0.25889,-4.4268
0.49218,-5.4161
0.67942,-4.865
1.0125,-2.0642
-2.0292,-15.966
0.54299,-2.476
2.2424,4.3928
-0.066701,-6.0851
1.9337,0.2903
1.3503,-1.7037
0.97099,-1.8632
1.1825,-1.6392
-0.56506,-7.3361
0.91546,-0.60625
2.6039,4.4494
1.0983,-0.39974
1.0414,0.032188
0.26583,-4.8791
0.96919,0.0088713
1.2323,0.45103
1.4264,0.20198
0.62719,-2.5177
0.76355,-2.8069
3.0237,6.5578
-1.2584,-11.688
3.2294,8.0804
1.3376,-0.96333
2.0001,4.8431
-0.66416,-9.196
0.40997,-1.0432
0.72194,-3.6431
1.4227,0.64871
-0.6702,-7.4223
1.4716,3.7328
-0.21285,-7.0562
1.0662,-2.7476
1.6524,1.9984
1.3271,-2.2743
2.0826,2.5096
2.0061,2.887
0.34909,-2.9586
1.2571,1.0579
0.055622,-6.2862
-0.32179,-6.7258
1.9248,1.7367
1,-1.1252
0.94508,0.28656
1.9111,2.3074
1.5946,0.27805
1.3502,-1.0856
2.2503,4.5739
1.9298,3.9531
1.2398,1.8909
0.30964,-5.0351
0.34845,-4.7163
2.1921,2.5275
-0.61183,-7.1208
0.97554,-2.2099
-0.94885,-11.396
2.0205,5.4817
1.8617,2.9491
1.0012,-1.0471
0.92916,-3.649
-1.4863,-12.614
1.5812,1.3034
-1.1924,-13.311
-1.3193,-12.735
1.0799,-2.176
0.051519,-5.5699
1.4115,-1.4804
1.677,2.487
1.8577,4.221
0.30884,-5.512
1.4494,0.010695
1.1006,-0.87693
1.8261,3.3091
1.5362,1.1033
1.8979,2.5657
0.86806,-3.2324
0.8528,-2.9686
2.0078,3.3464
-1.1237,-9.3302
0.49541,-3.5187
-0.27059,-9.3131
0.61742,-3.1487
1.6487,0.79719
1.8257,1.3929
-0.014944,-6.8572
0.52893,-5.2836
1.137,-1.8078
0.70814,-4.3511
1.3018,-1.1246
1.3999,-0.045176
0.070038,-5.9542
0.82317,-3.081
-1.1321,-11.796
2.1454,3.1987
0.37091,-4.2247
-0.20385,-5.7219
0.74606,-2.3224
-0.42865,-8.8081
0.97914,-1.3028
0.43934,-4.8478
3.1778,5.4443
2.1385,0.017989
-1.4969,-15.503
1.4413,-0.32772
-0.39814,-9.1113
0.74494,-4.1004
1.1644,-1.2064
1.7477,0.49305
0.72695,-4.0628
2.5763,5.8998
0.51906,-3.1293
1.3275,2.6971
1.6647,1.3914
1.0852,-1.5395
1.881,1.2048
1.3232,-0.80378
0.21585,-5.5955
-0.80537,-12.447
2.8586,6.0232
0.39547,-3.7288
1.1034,-2.2899
1.5632,1.1881
1.1136,-0.17726
0.095274,-4.6463
0.53229,-3.0771
0.87511,-5.5515
2.479,3.9087
0.13918,-4.6811
1.7847,2.0531
1.3086,-0.60477
0.76614,-2.4744
-0.056973,-5.2614
0.71586,-3.0752
0.91331,-3.3937
-0.4694,-8.8506
1.1922,-1.4101
0.17771,-4.514
0.90576,-1.8787
1.3362,0.23726
0.095346,-5.8754
0.71174,-3.7764
1.3501,-0.34384
-0.83586,-9.9747
2.036,0.81235
3.4245,9.1467
1.9594,3.5444
0.68423,-3.5667
1.4286,2.0089
-0.035985,-5.9205
2.8779,5.8943
1.9407,2.0295
1.7873,1.179
0.12413,-5.6225
1.3199,0.43813
0.44171,-4.8985
0.68857,-2.795
0.42999,-2.243
-0.025734,-5.3836
0.091254,-4.9976
0.7901,-4.0224
-0.69886,-10.352
1.6076,1.0551
0.8822,-2.6632
1.6992,-1.0035
1.2696,-2.79
1.4943,1.5818
-0.48312,-9.677
-0.020264,-3.8418
0.553,-6.9509
1.1097,-0.91288
2.1287,3.0801
0.71004,-4.3052
2.2616,4.2118
1.4754,-0.91076
2.1741,4.4209
1.1269,-1.3403
0.34318,-7.1244
-0.4814,-11.874
1.1555,-1.6758
1.8186,3.1992
0.70741,-3.077
0.45921,-4.3618
0.69136,-2.4791
-0.096593,-8.778
0.50699,-2.333
0.81926,-3.9958
1.0458,-1.7438
0.93622,-2.768
1.6113,0.94885
1.1093,-4.0804
2.814,8.179
1.312,0.12615
2.8045,8.7791
0.27688,-3.38
1.5265,0.38465
0.73975,-4.4134
1.6001,-1.5997
1.5939,0.69514
-1.186,-11.547
-0.32704,-6.5882
-0.44101,-9.7426
1.4018,0.85972
2.4702,4.7104
0.67319,-4.4942
1.8123,2.6796
1.5455,0.80636
-0.051632,-7.0434
1.3975,2.272
0.24811,-4.5776
2.5163,4.6773
0.96743,-1.7795
2.636,5.4771
0.57494,-3.6831
1.5894,1.2525
0.93721,-3.0809
-1.022,-12.153
0.017868,-5.9425
1.6125,3.25
0.94511,-2.6529
-0.11873,-8.374
0.37362,-5.1343
1.2495,-1.5175
0.006981,-6.9016
1.975,3.0163
0.35929,-5.0552
2.8089,5.3536
-0.079866,-7.4464
1.1992,-2.8532
-0.52103,-9.9817
0.27637,-7.1256
0.40675,-5.3522
1.4013,-1.6294
1.9421,1.3041
1.3005,-1.0469
0.62693,-5.2669
1.8155,1.6441
1.7989,2.0453
1.1202,-2.7333
1.5712,2.0442
1.4128,-2.2406
0.013038,-6.9596
1.7596,-0.546
0.3428,-5.4133
0.39608,-6.469
1.1769,-1.9642
0.6925,-4.3636
0.86818,-4.1608
1.5954,-2.0524
2.0468,3.4583
0.80204,-0.24487
1.3277,2.4157
0.7617,-3.7234
1.2296,-1.0277
1.44,-0.63613
0.38313,-4.6754
1.2748,-1.9787
1.6011,-1.8343
1.0923,-1.6328
2.7298,4.1636
0.39144,-7.2552
0.26294,-2.1759
-0.74988,-10.183
1.9105,2.6315
1.8671,3.4794
0.92011,-4.5882
1.8985,2.5897
1.1837,-0.50959
1.2908,-0.58156
1.1129,-1.283
1.44,-0.71862
1.1017,-0.586
3.7873,9.4186
-0.16667,-8.3035
-0.8543,-9.3848
-0.14068,-4.902
-0.093343,-7.4312
0.56639,-4.6194
0.83153,-2.2183
0.78147,-1.5648
1.5413,1.7165
1.3893,0.10907
1.7512,0.54129
2.7783,6.8352
2.2231,3.399
-0.28326,-5.9531
-1.329,-14.343
1.9019,2.2455
-0.83564,-8.5542
1.0668,-2.3543
1.0355,-2.6669
3.2272,6.7872
0.93079,-2.6802
0.49268,-4.5482
1.2358,-0.75796
1.2458,-2.0624
1.07,-1.5756
0.39142,-5.5375
-0.22259,-7.9895
1.3165,-1.6845
-0.34287,-8.4166
-0.032184,-1.9223
2.3312,8.4982
0.5811,-2.3678
0.85968,-1.59
1.8998,0.35838
0.69989,-4.1238
2.0294,1.8127
0.65493,-2.8447
2.0128,3.1965
1.6293,0.9755
0.78698,-3.4087
0.1343,-7.1204
-0.043108,-6.6869
0.72993,-1.7084
0.56186,-3.4063
0.59133,-3.5996
1.9835,3.2957
0.7023,-2.5668
2.1437,1.0082
0.46838,-4.3675
1.9726,1.8131
0.47775,-7.0409
1.1766,-2.9629
1.9707,1.9452
0.58603,-2.7709
0.56173,-4.2755
3.0034,7.3622
1.951,1.0916
0.568,-6.7979
1.6489,1.0445
0.63992,-4.8786
1.7059,2.7277
2.4158,6.6666
-0.60452,-9.712
2.0289,4.2078
2.458,5.8224
1.0475,-3.6583
2.7463,5.814
1.1554,-0.95533
-0.23712,-6.8752
-1.1935,-10.975
0.66659,-2.6082
1.7135,2.1084
1.3174,-0.98517
1.4136,0.36294
0.42291,-7.5772
1.144,-2.8976
-0.63867,-7.7839
0.23991,-6.2945
0.18121,-5.2512
1.5197,2.3338
0.98584,-3.2396
-0.15553,-8.4689
0.99048,-2.6947
0.31019,-4.5207
0.3333,-5.271
1.8641,0.59516
1.1134,-3.5704
1.3984,-0.69718
1.884,1.6853
1.1803,-1.8969
1.5509,0.13229
1.683,-0.37576
2.1706,3.9943
1.4759,-2.7354
2.4122,4.5464
1.0226,-1.0132
0.95213,-3.3383
2.7013,5.5805
0.49029,-3.9077
0.99715,-2.8259
1.9199,2.1214
1.1498,-0.78069
2.4049,3.0825
2.0341,3.7584
1.2916,0.76
0.2223,-5.0748
1.5667,0.57012
-0.38262,-9.7623
1.2445,-0.24525
1.8084,0.029558
1.213,1.0631
1.8797,2.655
3.0389,7.5253
1.9239,1.637
1.2669,-3.6779
1.6417,-0.69423
1.4255,0.39797
-0.31472,-4.7249
0.58359,-2.8946
2.2247,3.9209
0.95642,-2.9131
1.5824,0.78267
-0.0065001,-5.2563
1.0645,-2.0457
1.6003,3.2039
-0.36151,-9.7411
1.3476,-0.93355
0.81816,-2.7489
0.060465,-8.8127
0.96247,-1.4209
-0.8963,-10.43
-1.128,-11.469
-0.17692,-6.2449
0.0094678,-5.0767
-0.17303,-6.2175
-0.72543,-10.385
1.2882,-0.76461
-0.59418,-8.7063
1.1102,-3.1666
1.7871,0.17126
0.99777,-2.5748
1.0931,-1.4783
0.62184,-1.3325
-0.48268,-7.6174
0.95618,-2.7826
1.9608,1.4915
2.7382,7.8511
0.56979,-0.31979
-0.62732,-9.1015
1.1663,-1.8849
1.3763,-2.1756
0.77305,-1.7315
-0.14891,-6.7868
3.0243,8.6512
-1.3595,-13.82
0.49003,-3.9766
-0.32163,-8.8125
0.36387,-3.176
1.3179,-1.2988
1.138,-1.4944
0.28926,-5.6584
1.777,2.8114
1.6224,1.3675
1.6474,-0.4152
0.57437,-4.7523
2.0486,1.3353
1.6607,1.6422
3.5088,9.7286
2.0635,0.62212
2.1569,0.68363
1.053,-1.815
-0.28839,-6.8754
0.62878,-3.4472
0.24221,-7.4523
0.43603,-6.5907
1.5551,1.6452
0.44322,-4.6978
0.10489,-6.539
0.59067,-2.1008
0.83911,-3.7776
1.4093,0.021177
0.047364,-5.7342
1.3173,0.51253
1.078,-2.7791
2.3244,4.4324
0.78683,0.67661
0.86552,-4.6066
-0.17136,-6.697
-0.38526,-8.5376
1.3105,-1.6968
0.75051,-4.2233
1.5037,0.92551
0.10734,-2.9537
2.9085,5.5382
1.1222,-0.73434
2.047,1.9721
0.77308,-0.40639
0.8375,-2.0107
1.6901,0.9228
1.5558,1.3209
-0.12026,-7.0485
-0.53269,-7.4324
-0.097868,-7.1859
-0.41577,-9.8545
1.0596,-1.4059
0.58875,-1.7856
0.63199,-5.239
-0.36096,-8.4449
1.7796,2.8373
1.4394,-2.5627
0.91038,-1.5759
2.0212,3.5914
0.12602,-5.6505
1.4147,-1.1528
1.3484,-0.44145
1.3493,-0.30508
0.27075,-4.0444
1.3268,0.34853
0.48512,-4.7803
0.10355,-3.8911
-0.20327,-7.482
2.0378,1.5951
0.15406,-6.3867
0.82709,-1.6423
-0.20865,-7.1807
0.70287,-2.1612
-2.232,-16.453
-0.086959,-3.6016
-0.42644,-10.622
-0.014451,-7.1152
0.78673,-3.0711
0.67465,-3.346
2.9444,8.6761
0.42823,-4.2827
0.74997,-3.2771
-0.56932,-8.9712
0.52262,-3.1541
-0.33798,-8.9329
1.0303,-1.2673
1.8531,-0.23144
1.4043,-0.2851
0.29938,-6.3987
-0.63054,-10.201
2.46,4.9438
3.05,5.7369
1.1205,-2.766
0.010098,-8.4598
2.1978,0.44193
0.40734,-4.8674
0.53019,-2.576
1.8864,1.748
-0.38522,-8.543
-0.95675,-12.19
1.4207,1.9876
1.4007,-0.52662
1.0951,0.13997
1.4967,0.71393
2.0822,2.5221
1.9704,3.7986
0.43143,-3.2589
1.81,1.4974
1.1732,0.49399
0.49446,-1.9185
-0.19331,-7.4567
1.647,0.57314
0.64638,-3.056
1.0464,-1.3257
0.20705,-4.5
-0.55051,-9.3154
1.1716,-0.28186
0.93786,-0.89246
2.199,3.6305
1.8017,1.8105
2.0533,1.0806
0.25112,-6.9214
0.063674,-8.1468
-0.26909,-9.3569
1.498,0.035736
3.7891,8.4145
1.7276,4.2453
0.22694,-4.5008
1.8366,-0.97039
-0.12833,-8.6048
-0.42447,-8.5519
1.7174,-1.0374
0.22209,-6.109
1.316,0.86519
2.4065,4.1126
1.4011,-0.28389
1.9297,0.85849
-0.6058,-9.9612
1.6615,-0.81103
3.1385,8.1051
1.5411,-0.16309
-0.54088,-7.8977
0.79686,-1.2774
0.50003,-2.8248
1.383,-0.32248
1.412,-0.81255
1.4055,-1.7945
0.63622,-3.4802
0.40073,-3.4275
0.41041,-5.1042
1.8535,1.6117
-0.85301,-9.5232
0.7927,-1.79
1.2704,-2.6577
0.34723,-4.673
1.4772,0.40658
0.92868,-2.5209
0.061699,-5.0413
1.1614,-1.7556
0.73182,-4.2998
0.59013,-3.4793
0.28868,-4.5927
1.0614,-2.0112
-0.84613,-9.2544
0.60167,-5.8007
0.45645,-5.8679
0.088101,-10.168
1.6527,1.6269
0.26573,-6.6152
1.5406,0.097995
1.9758,3.7264
0.84313,-2.6384
1.2778,-1.3325
1.6395,-0.24459
0.91902,-2.6824
1.5409,1.2315
-0.26256,-9.6874
2.1104,2.9065
0.010437,-5.418
-0.82884,-12.109
2.3845,5.1157
0.93727,-1.3784
1.4489,-1.1468
0.63674,-5.6249
-0.020583,-6.0196
-2.073,-14.759
1.6263,1.5841
0.71332,-2.2809
0.80266,-4.4519
1.4056,0.59758
-0.41935,-9.1543
0.27055,-6.0251
2.1473,1.1047
1.5979,2.1458
-0.28128,-7.5342
-1.2033,-10.587
0.42875,-2.5717
1.214,-2.5414
1.9424,3.0913
1.0937,-1.5951
-0.12231,-5.841
1.3062,0.84305
-0.17233,-6.1901
0.039033,-7.4059
0.34626,-5.1091
-0.22939,-7.1828
0.72903,0.959
0.10005,-4.4271
0.71431,-0.21568
0.53758,-3.5326
0.59021,-3.5638
0.49646,-3.4548
2.2333,2.8517
1.6103,2.3889
1.0591,-1.9427
-0.46695,-10.418
-0.6258,-8.1641
-0.96475,-12.916
3.6052,7.2837
1.9724,2.7572
1.257,-2.1015
0.02576,-7.5889
-0.14636,-7.3729
1.5476,-0.18238
2.5651,4.7482
-0.69334,-9.2601
0.5506,-5.5681
0.91571,-3.9988
-0.992,-13.741
1.8412,1.2694
0.58534,-2.9872
2.9122,5.6758
0.6091,-3.0959
1.4092,0.55609
-0.14243,-5.8303
0.37514,-3.5031
-0.16872,-8.1705
1.3926,-1.3669
2.3018,3.9223
0.40636,-5.5509
1.4364,1.8855
0.49564,-2.4443
1.1021,-1.4147
2.1963,2.8181
1.1203,-0.78299
-0.036843,-7.534
0.1429,-6.0223
0.83013,-3.4662
0.80833,-2.7228
0.13418,-4.4035
1.1807,-0.20481
2.2665,5.2122
0.74883,-4.3403
0.79543,-2.6827
-1.2015,-13.208
0.22549,-4.9762
-0.39327,-7.8389
0.61377,-2.0232
1.5256,1.8193
2.5233,5.7188
2.7985,5.4251
0.88312,-3.1557
0.6798,-6.1548
1.8175,1.0858
1.4902,-1.8463
1.7653,2.6737
1.7783,2.6954
-0.48031,-8.4784
1.5404,-0.068949
0.90846,-2.2227
0.23975,-3.2979
0.3064,-3.3365
2.2815,3.1733
0.19026,-5.421
-0.23682,-9.048
1.2147,-0.50379
3.0108,8.0262
1.0256,-0.69436
1.3083,-2.6383
0.061753,-5.5546
2.6742,4.3907
1.125,-1.9357
1.5301,1.4279
0.047932,-5.8898
1.854,1.6266
1.3891,0.55379
-0.156,-5.0398
1.0397,-2.646
0.5494,-5.8137
1.1092,-3.0459
0.74945,-4.3767
0.8101,-3.7425
-0.032914,-5.8852
0.67671,-6.214
1.7665,1.7615
2.7447,4.8213
-0.16052,-5.7678
3.3774,7.5665
2.5261,4.8773
1.1685,-2.482
0.69879,-4.257
0.30135,-5.4881
1.8328,1.4448
0.30539,-5.82
0.53812,-2.5858
1.8836,2.704
1.4359,2.4159
1.8967,1.6685
1.5047,1.6823
0.5991,-6.5811
0.48615,-3.4677
1.7964,2.0751
0.32881,-5.5153
2.1867,4.2598
1.7907,2.7192
1.2877,0.66208
1.0032,-1.4302
1.3656,0.44042
4.5267,12.978
0.88756,-3.9547
-0.55659,-9.3587
2.9151,6.8647
1.6098,2.0023
0.35209,-5.9614
3.6173,9.1305
1.551,4.4141
1.2942,-1.4997
0.22216,-2.96
-0.06493,-5.5207
-0.76841,-10.696
0.57708,-4.0441
-0.053102,-7.0236
1.6478,1.5413
0.68237,-1.6228
2.769,3.7939
2.5106,7.4748
1.164,-0.23304
0.71724,-3.9986
2.1522,3.018
-0.14651,-6.763
-17.478,-4.2942
-11.398,-3.4293
-30.595,-7.2801
-15.956,-4.3623
-18.505,-4.5318
-26.134,-6.4741
-22.034,-5.716
-18.393,-4.5153
-3.2158,-1.6863
-7.0102,-2.241
-26.332,-6.3943
-5.7649,-2.0123
-16.598,-5.0273
-20.296,-4.9291
-16.648,-3.7915
-20.961,-4.9035
-20.582,-4.8622
-13.013,-3.6384
-13.391,-3.5971
-13.353,-3.5715
-16.85,-4.3286
-25.664,-6.3927
-16.636,-4.4112
-12.354,-3.4852
-17.707,-4.6665
-15.147,-3.7713
-16.591,-3.5867
-21.423,-5.6644
-18.622,-4.6819
-23.693,-6.1621
-15.833,-3.7803
-25.38,-5.7029
-25.013,-6.4944
-23.797,-5.2284
-33.81,-8.1307
-13.253,-3.556
-18.475,-4.3781
-23.541,-5.6828
-13.573,-3.0379
-28.028,-5.8657
-20.48,-5.0591
-21.132,-5.7695
-18.503,-4.7967
-18.533,-4.939
-24.057,-6.0455
-20.141,-5.3469
-20.773,-5.1361
-17.056,-3.8036
-14.872,-4.153
-14.797,-4.0149
-24.051,-5.4996
-19.637,-4.5837
-25.695,-6.0279
-25.223,-5.7789
-20.032,-4.761
-12.811,-3.6373
-23.61,-5.6175
-18.258,-4.7281
-21.058,-5.4702
-14.759,-3.749
-25.108,-6.0258
-19.847,-5.0215
-17.408,-4.3876
-14.838,-3.6655
-12.757,-3.4077
-19.597,-4.8627
-26.996,-6.3521
-23.482,-5.6977
-24.979,-6.2369
-8.9754,-2.5231
-22.887,-5.1932
-16.491,-4.4329
-20.903,-4.6409
-15.832,-4.1972
-23.587,-5.8025
-26.577,-6.5985
-26.672,-6.5881
-17.71,-4.8004
-20.832,-5.0704
-20.92,-4.7377
-13.343,-3.4895
-18.632,-4.4793
-19.072,-4.4318
-12.553,-4.1817
-23.773,-5.8191
-16.733,-4.2321
-16.083,-3.9965
-21.143,-5.6018
-18.988,-5.0768
-25.468,-5.8955
-25.384,-6.1342
-19.508,-4.7434
-16.612,-4.578
-7.873,-2.9803
-23.128,-5.4251
-19.121,-4.4837
-20.387,-4.6188
-29.067,-7.2867
-22.059,-5.7982
-28.418,-7.1375
-16.058,-4.2055
-24.165,-6.0256
-19.531,-4.5333
-22.554,-5.9328
-18.576,-5.2002
-22.816,-5.5181
-17.702,-4.1935
-16.532,-4.5171
-11.971,-3.7146
-20.911,-5.2284
-30.03,-7.5131
-23.938,-5.8006
-13.646,-3.4668
-25.029,-5.9672
-15.493,-4.6165
-19.418,-5.0324
-13.261,-3.7068
-29.197,-6.3698
-20.927,-4.9316
-25.665,-6.1749
-6.3602,-1.8408
-16.129,-4.5029
-13.532,-3.7752
-24.963,-5.6168
-22.198,-5.0259
-21.278,-5.0554
-14.848,-3.8078
-21.303,-5.4319
-16.709,-4.1168
-29.624,-7.2021
-21.66,-5.1774
-23.863,-5.7107
-27.397,-6.1917
-17.617,-4.6328
-18.677,-4.55
-19.843,-4.7442
-26.256,-6.5329
-14.712,-3.8742
-18.358,-4.2136
-21.403,-5.2552
-19.893,-5.0651
-21.229,-5.1226
-28.209,-6.7567
-21.34,-5.1491
-23.899,-5.8356
-24.593,-5.9446
-25.424,-5.9795
-22.503,-5.1277
-29.393,-6.7939
-15.477,-3.61
-17.561,-5.0731
-20.094,-5.1459
-20.163,-4.9668
-23.744,-6.0013
-15.222,-4.3825
-20.625,-4.9538
-23.351,-5.5127
-13.661,-3.6219
-21.054,-5.1042
-22.763,-5.8106
-21.378,-5.4222
-23.977,-5.8436
-25.254,-6.2686
-8.152,-2.4829
-12.235,-2.7446
-18.558,-4.841
-25.896,-6.0235
-24.059,-6.1221
-20.828,-4.7916
-16.288,-4.514
-26.248,-6.2191
-30.928,-7.4097
-26.797,-6.2459
-18.436,-4.6768
-18.164,-4.6369
-17.881,-3.7349
-20.611,-5.3027
-19.138,-4.837
-22.233,-4.7001
-15.957,-4.4964
-26.387,-6.1504
-17.866,-4.867
-23.981,-5.5236
-21.571,-5.2289
-17.407,-4.2857
-15.126,-4.0817
-25.242,-6.0031
-14.087,-3.3752
-16.904,-5.0083
-20.318,-5.5258
-20.916,-5.0701
-21.021,-5.3934
-21.422,-5.3744
-19.892,-5.4001
-19.759,-5.206
-16.125,-4.3215
-12.838,-3.7397
-17.81,-4.7964
-20.984,-5.3202
-17.068,-4.6661
-19.141,-4.4457
-24.83,-6.2667
-15.548,-3.5766
-18.56,-4.811
-19.366,-5.2798
-17.583,-4.6802
-18.774,-4.4856
-24.416,-5.6055
-20.761,-5.1106
-20.685,-5.0591
-22.495,-5.3319
-12.11,-3.7977
-24.108,-6.0042
-22.269,-5.9803
-23.34,-5.8098
-25.508,-5.8588
-20.902,-4.9821
-21.286,-4.6177
-12.823,-3.485
-21.168,-5.8471
-24.992,-5.5445
-12.479,-3.1
-14.209,-3.9798
-21.077,-5.1575
-27.065,-6.2252
-22.085,-5.3181
-20.731,-4.9532
-18.705,-4.7669
-21.225,-5.2615
-17.92,-4.5497
-18.162,-4.8467
-25.866,-5.7986
-24.446,-5.9077
-23.476,-5.5174
-22.382,-5.7283
-21.504,-5.6108
-19.942,-5.0137
-34.208,-7.9775
-22.144,-5.1015
-14.172,-3.6371
-25.003,-5.871
-15.62,-4.5117
-18.357,-4.9368
-20.136,-4.9708
-19.144,-4.9231
-27.341,-6.1377
-20.397,-4.7029
-12.477,-3.625
-19.539,-4.6588
-19.806,-4.5667
-23.444,-5.6138
-20.145,-4.5717
-18.91,-4.4774
-18,-4.5305
-21.749,-5.1104
-21.109,-5.172
-10.508,-3.1755
-30.593,-7.0656
-9.543,-2.8508
-18.417,-4.779
-15.309,-3.541
-27.806,-6.5342
-22.768,-4.796
-21.304,-5.3503
-18.017,-4.4353
-27.834,-6.156
-17.788,-3.7778
-25.689,-6.078
-19.69,-5.1594
-16.94,-4.1475
-18.466,-5.0585
-14.922,-4.0386
-15.281,-3.9581
-23.053,-5.2044
-18.794,-4.3481
-24.43,-5.9138
-26.2,-6.0075
-15.662,-4.2033
-20,-4.8135
-20.258,-4.5125
-15.726,-4.0816
-17.211,-4.5143
-18.357,-4.805
-14.136,-3.5984
-15.639,-3.7308
-18.875,-4.1704
-23.238,-5.6471
-23.056,-5.5791
-14.409,-4.0347
-27.56,-6.0918
-20.115,-5.0447
-29.141,-7.0032
-15.213,-3.4049
-15.958,-3.9448
-19.995,-4.7968
-20.332,-5.3516
-31.662,-7.2629
-17.274,-4.2957
-30.283,-7.4115
-30.878,-7.2888
-19.625,-5.0375
-24.449,-5.7611
-18.07,-4.8892
-16.825,-4.0434
-15.977,-3.6737
-23.242,-5.7488
-17.892,-4.5713
-19.528,-4.7606
-16.125,-3.8681
-17.485,-4.3384
-15.789,-4.0266
-20.619,-5.2628
-20.69,-5.2065
-15.273,-3.8601
-29.961,-6.5628
-22.367,-5.3238
-25.96,-6.5592
-21.794,-5.2449
-16.957,-4.4036
-16.127,-4.2766
-24.761,-6.0356
-22.21,-5.7001
-19.357,-4.959
-21.369,-5.5012
-18.584,-4.8134
-18.124,-4.5832
-24.362,-5.843
-20.829,-5.2305
-30,-7.0886
-14.628,-3.8916
-22.951,-5.4743
-25.647,-5.7935
-21.191,-5.0687
-26.701,-6.4515
-20.098,-4.8513
-22.63,-5.6072
-9.7853,-3.4129
-14.66,-4.5698
-31.711,-7.8788
-17.93,-4.6435
-26.558,-6.5161
-21.196,-5.4478
-19.229,-4.8308
-16.493,-4.4685
-21.281,-5.4398
-12.606,-3.3158
-22.256,-5.2408
-18.464,-3.9986
-16.882,-4.277
-19.6,-4.9018
-15.868,-4.3167
-18.484,-4.745
-23.678,-5.7666
-28.468,-7.2273
-11.282,-3.2894
-22.835,-5.3686
-19.515,-5.0618
-17.359,-4.3203
-19.467,-4.6114
-24.244,-5.5642
-22.194,-5.2296
-20.586,-5.7572
-13.063,-3.7403
-24.038,-5.5716
-16.32,-4.1359
-18.552,-4.7025
-21.097,-5.1011
-24.958,-5.6953
-21.333,-5.2292
-20.407,-5.2971
-26.892,-6.4606
-19.099,-4.8742
-23.857,-5.536
-20.442,-4.9741
-18.423,-4.523
-24.243,-5.8262
-21.352,-5.3787
-18.358,-4.6469
-28.611,-6.7002
-15.141,-4.4004
-8.6283,-2.6235
-15.5,-3.8179
-21.481,-5.334
-17.99,-4.1453
-24.859,-5.8358
-11.192,-3.3169
-15.588,-4.1409
-16.307,-4.3222
-24.108,-5.7723
-18.499,-4.4802
-22.619,-5.618
-21.461,-5.1695
-22.674,-5.0518
-24.811,-5.7214
-24.262,-5.6391
-20.985,-5.4312
-27.968,-6.7806
-17.15,-4.3487
-20.553,-5.1414
-16.721,-4.7875
-18.735,-5.1684
-17.682,-4.2364
-26.956,-6.6367
-24.785,-5.3927
-22.097,-6.0555
-19.486,-4.7682
-14.706,-3.9169
-21.36,-5.4915
-14.083,-3.6756
-17.77,-4.7678
-14.493,-3.6311
-19.405,-4.8593
-23.081,-6.0925
-26.948,-7.1051
-19.271,-4.9309
-16.161,-3.8915
-21.372,-5.2296
-22.537,-5.5035
-21.448,-5.1021
-25.143,-6.4451
-22.312,-5.071
-20.848,-5.4255
-19.785,-4.9454
-20.299,-5.1637
-17.133,-4.3713
-19.487,-5.4435
-11.492,-2.8298
-18.536,-4.5467
-11.536,-2.7019
-23.392,-5.2942
-17.53,-4.4916
-21.221,-5.5145
-17.185,-4.9147
-17.214,-4.4254
-30.253,-7.0355
-26.224,-5.9782
-26.759,-6.6507
-18.115,-4.3903
-13.104,-3.5693
-21.533,-5.5318
-16.19,-4.0023
-17.441,-4.4017
-24.933,-6.0752
-18.136,-4.0892
-23.527,-5.5495
-12.888,-3.5764
-20.153,-4.953
-12.326,-3.4059
-21.994,-5.3588
-17.235,-4.3066
-20.295,-5.2305
-29.484,-7.1647
-24.607,-5.8405
-17.127,-3.8807
-20.257,-5.1392
-25.247,-6.3589
-22.938,-5.6682
-18.83,-4.8971
-24.658,-6.045
-15.427,-3.9305
-23.005,-5.6514
-11.516,-3.4322
-25.065,-6.1612
-19.066,-5.1819
-27.134,-6.7017
-23.394,-6.0928
-22.783,-5.7147
-18.118,-4.921
-15.581,-4.2956
-18.591,-4.7968
-21.75,-5.6965
-16.175,-4.2231
-16.253,-4.1375
-19.436,-5.1563
-17.321,-4.1378
-18.064,-5.0513
-24.629,-6.0574
-16.437,-4.69
-23.083,-5.7277
-22.833,-5.9528
-19.17,-4.9924
-21.442,-5.5039
-20.618,-5.4607
-17.208,-5.0112
-15.09,-3.8363
-20.929,-4.6258
-18.463,-4.0586
-21.118,-5.3674
-18.923,-4.7927
-17.936,-4.7092
-22.893,-5.5704
-18.711,-4.9954
-17.181,-4.9647
-19.567,-4.9217
-11.886,-3.6859
-22.854,-6.1204
-23.457,-5.0375
-28.208,-6.7447
-15.729,-4.0126
-15.933,-3.8318
-20.375,-5.5518
-15.786,-4.0215
-19.138,-4.6822
-18.636,-4.6976
-19.47,-4.8471
-17.936,-4.7268
-19.523,-4.6985
-6.9262,-2.5655
-25.472,-6.3439
-28.697,-6.5744
-25.35,-5.6187
-25.128,-6.1579
-22.034,-5.5585
-20.79,-5.0465
-21.025,-4.9072
-17.461,-4.2076
-18.174,-4.5503
-16.476,-4.4582
-11.659,-3.1163
-14.263,-3.8489
-26.019,-5.8428
-30.924,-7.6316
-15.77,-4.0949
-28.61,-6.3974
-19.687,-5.0755
-19.834,-5.1422
-9.5537,-3.1266
-20.325,-5.145
-22.38,-5.5433
-18.894,-4.7352
-18.847,-5.0133
-19.671,-4.9095
-22.854,-5.7542
-25.734,-6.277
-18.515,-4.9327
-26.299,-6.368
-24.841,-4.9834
-13.756,-2.7618
-21.965,-5.0784
-20.658,-4.9126
-15.779,-4.4972
-21.408,-5.4528
-15.172,-4.1871
-21.619,-5.1801
-15.25,-3.8921
-17.048,-4.3656
-20.999,-5.3003
-24.06,-6.0917
-24.893,-5.9993
-21.267,-4.9378
-22.055,-5.2998
-21.917,-5.341
-15.387,-3.8709
-21.396,-5.1208
-14.636,-4.3587
-22.494,-5.5047
-15.438,-4.1871
-22.45,-6.0747
-19.172,-5.2053
-15.447,-4.1589
-21.942,-5.1644
-22.056,-5.4851
-10.603,-3.004
-15.539,-4.3409
-22.026,-6.0229
-16.956,-4.3509
-21.689,-5.6137
-16.689,-3.9921
-13.359,-3.1523
-27.526,-6.6442
-15.174,-3.6765
-13.162,-3.3323
-19.777,-5.3536
-11.809,-3.334
-19.271,-4.7773
-25.803,-6.0394
-30.288,-6.9136
-21.564,-5.1297
-16.653,-4.1241
-18.511,-4.7836
-18.06,-4.4962
-22.707,-6.1891
-19.325,-5.1914
-27.686,-6.2331
-23.565,-5.9156
-23.84,-5.6932
-17.562,-4.076
-20.066,-5.2643
-25.42,-6.3792
-20.045,-5.1481
-23.235,-5.5374
-23.127,-5.6974
-15.947,-4.4467
-19.468,-5.3348
-18.132,-4.7222
-15.854,-4.2143
-19.155,-4.978
-17.416,-4.5454
-16.797,-4.6537
-14.509,-3.722
-17.768,-5.1568
-13.376,-3.6043
-19.894,-4.7896
-20.225,-5.2853
-12.02,-3.3838
-22.391,-5.4067
-20.013,-5.1761
-15.685,-4.1213
-19.297,-4.74
-13.41,-3.9164
-15.15,-3.7723
-18.632,-4.4116
-23.648,-5.6555
-17.342,-4.452
-26.485,-6.6549
-18.853,-4.6259
-16.208,-4.5673
-19.001,-4.3469
-15.874,-4.0075
-10.437,-2.9692
-15.666,-4.2246
-18.748,-5.3577
-16.99,-4.7216
-18.004,-4.4888
-26.167,-5.5809
-21.953,-5.1907
-14.256,-3.7377
-20.204,-5.1947
-17.268,-4.4067
-24.721,-5.6942
-19.697,-5.0097
-17.184,-3.8905
-26.386,-6.6504
-18.37,-4.7726
-20.853,-5.1597
-24.407,-6.4525
-20.176,-4.8765
-28.894,-6.7974
-29.981,-7.0188
-25.52,-5.905
-24.646,-5.656
-25.502,-5.8992
-28.093,-6.7876
-18.648,-4.7366
-27.477,-6.4298
-19.483,-5.2487
-16.308,-4.5371
-20.01,-5.1226
-19.563,-4.8888
-21.774,-4.8577
-26.954,-6.1976
-20.206,-5.1668
-15.493,-4.2556
-11.847,-2.8997
-22.018,-4.6418
-27.633,-6.514
-19.22,-4.9755
-18.235,-5.0374
-21.064,-4.9428
-25.389,-6.0206
-10.505,-2.7292
-31.067,-7.52
-22.392,-5.4214
-26.199,-6.4524
-22.984,-5.2507
-18.509,-4.8505
-19.352,-4.8922
-23.334,-5.78
-16.356,-3.9742
-17.081,-4.282
-16.964,-4.6621
-21.996,-5.5868
-15.082,-4.2889
-16.901,-4.2235
-8.2328,-2.4995
-15.012,-4.441
-14.574,-4.4278
-19.752,-4.9606
-26.043,-6.0394
-21.741,-5.3085
-23.554,-6.1624
-22.645,-5.9787
-17.396,-4.2228
-22.612,-5.5752
-24.198,-5.9677
-21.92,-5.0215
-20.755,-5.379
-18.08,-4.5691
-24.468,-5.7961
-18.512,-4.4643
-19.634,-5.1661
-13.788,-3.6286
-21,-4.4293
-20.631,-5.5557
-25.494,-6.0014
-26.497,-6.3938
-18.544,-4.9354
-21.17,-5.474
-17.637,-4.3763
-24.187,-5.2033
-11.048,-3.3929
-19.427,-4.7302
-15.089,-4.1531
-21.064,-4.6602
-20.762,-5.0023
-16.763,-4.3769
-17.393,-4.292
-25.254,-6.0764
-27.189,-6.1582
-25.149,-6.1056
-26.641,-6.6746
-19.721,-4.8733
-21.929,-4.9543
-21.726,-5.6906
-26.383,-6.3741
-16.344,-3.9687
-17.939,-5.12
-20.42,-4.9096
-15.21,-3.8079
-24.099,-5.7783
-18.055,-4.8194
-18.366,-4.6677
-18.362,-4.6386
-23.42,-5.4359
-18.467,-4.4993
-22.415,-5.5928
-24.205,-5.4032
-25.644,-6.1688
-15.132,-4.2335
-23.968,-5.9353
-20.811,-4.9237
-25.669,-6.1045
-21.394,-5.0344
-35.16,-8.0813
-25.098,-5.3415
-26.691,-6.8383
-24.758,-6.0906
-21,-5.2284
-21.526,-5.287
-10.88,-2.7238
-22.682,-5.4867
-21.173,-5.2723
-27.361,-6.4863
-22.239,-5.2461
-26.276,-6.4781
-19.858,-4.8438
-15.999,-4.6229
-18.104,-4.6344
-23.286,-5.9378
-27.648,-6.7485
-13.152,-3.5196
-10.384,-3.3505
-19.435,-5.1633
-24.643,-6.3772
-14.382,-4.4794
-22.78,-5.6113
-22.204,-5.1228
-15.843,-4.2009
-26.497,-6.395
-29.178,-7.1725
-18.027,-4.1498
-18.12,-4.6859
-19.554,-4.5438
-17.67,-4.4214
-14.924,-4.0359
-15.448,-3.7637
-22.667,-5.2684
-16.201,-4.2543
-19.187,-4.4683
-22.371,-4.9826
-25.597,-6.1634
-16.965,-4.4514
-21.659,-5.2251
-19.782,-4.8562
-23.719,-5.533
-27.273,-6.5597
-19.195,-4.6337
-20.291,-4.7639
-14.376,-3.7996
-16.24,-4.1876
-15.06,-4.3432
-23.513,-6.0492
-24.392,-6.3105
-25.953,-6.5685
-17.664,-4.566
-6.918,-2.7796
-16.587,-3.6685
-23.626,-5.5332
-16.076,-4.7805
-25.292,-6.4082
-26.681,-6.3969
-16.635,-4.7948
-23.649,-5.876
-18.518,-4.3891
-13.403,-3.6968
-18.119,-4.6341
-15.64,-4.3906
-27.532,-6.6973
-16.897,-4.7465
-9.9695,-2.8456
-17.462,-4.6084
-27.227,-6.2574
-20.953,-4.8459
-22.345,-5.1759
-18.203,-4.6424
-18.067,-4.7468
-18.098,-4.9562
-21.706,-5.3156
-22.811,-5.3043
-22.765,-5.6618
-15.997,-4.23
-28.691,-6.604
-20.972,-4.9552
-18.732,-5.1402
-23.062,-5.5699
-17.762,-4.4869
-20.335,-5.111
-24.401,-5.6484
-19.243,-4.9479
-21.258,-5.4903
-21.922,-5.3154
-23.336,-5.5528
-19.712,-5.0024
-28.659,-6.5466
-21.868,-5.8103
-22.549,-5.8246
-24.277,-6.7413
-16.939,-4.2267
-23.444,-5.984
-17.464,-4.5527
-15.423,-3.7791
-20.736,-5.1361
-18.697,-4.8577
-17,-4.6257
-20.38,-5.1455
-17.463,-4.311
-25.922,-6.6389
-14.792,-3.9539
-24.641,-5.7287
-28.578,-7.1553
-13.506,-3.4829
-20.294,-4.8675
-17.894,-4.8181
-21.704,-5.7728
-24.787,-5.857
-34.414,-7.7203
-17.062,-4.2359
-21.345,-5.0599
-20.926,-5.5227
-18.098,-4.4462
-26.657,-6.5253
-23.421,-5.8582
-14.619,-4.3381
-17.196,-4.1161
-26.01,-6.1799
-30.334,-6.8308
-22.679,-5.1219
-18.996,-5.1154
-15.58,-3.9145
-19.56,-4.9137
-25.264,-5.8189
-18.564,-4.3939
-25.499,-5.8933
-24.507,-6.1526
-23.066,-5.6629
-25.766,-6.105
-21.271,-4.3691
-24.221,-5.5175
-21.34,-4.6196
-22.169,-5.3267
-21.922,-5.3334
-22.362,-5.3102
-14.215,-3.9656
-17.137,-4.0643
-19.723,-4.9878
-26.881,-6.7948
-27.626,-6.3142
-29.216,-7.3274
-7.7805,-3.0207
-15.439,-3.9858
-18.795,-5.0216
-24.57,-6.1916
-25.377,-6.1455
-17.431,-4.6125
-12.659,-3.5613
-27.942,-6.5479
-22.108,-5.7607
-20.395,-5.4262
-29.343,-7.5033
-16.054,-4.303
-21.945,-5.2105
-11.031,-3.3635
-21.833,-5.2336
-18.081,-4.455
-25.358,-5.8166
-22.931,-5.3205
-25.482,-6.3156
-18.159,-4.865
-13.894,-3.7374
-22.784,-5.7571
-17.953,-4.1716
-22.366,-5.0947
-19.521,-4.8752
-14.389,-3.9728
-19.436,-4.7405
-24.863,-6.1798
-24.02,-5.8576
-20.797,-5.3126
-20.899,-5.1541
-24.061,-5.5124
-19.153,-4.6173
-14.059,-3.4623
-21.178,-5.499
-20.96,-5.1456
-30.326,-7.3895
-23.633,-5.6345
-26.535,-6.2449
-21.812,-5.0049
-17.535,-4.1857
-12.855,-3.3543
-11.564,-3.417
-20.548,-5.2464
-21.502,-5.8858
-16.166,-4.3421
-17.701,-4.9672
-16.411,-4.0036
-16.35,-3.9989
-26.943,-6.3812
-17.465,-4.5883
-20.429,-5.0475
-23.566,-5.2767
-23.253,-5.2849
-13.989,-3.897
-23.798,-5.7294
-25.801,-6.5026
-18.993,-4.681
-10.569,-2.8624
-19.88,-4.7216
-18.554,-5.1361
-24.401,-5.7578
-12.147,-3.6375
-19.414,-4.9863
-17.514,-4.2692
-24.466,-5.8293
-15.994,-4.2268
-18.175,-4.4555
-25.422,-5.6481
-19.814,-5.1377
-22.113,-5.8131
-19.488,-5.223
-21.175,-5.5067
-20.891,-5.3715
-24.845,-5.8283
-21.516,-5.8984
-16.405,-4.198
-11.817,-3.5457
-25.443,-5.8033
-8.8489,-2.9604
-12.842,-3.5337
-19.21,-5.1028
-21.413,-5.4812
-23.277,-5.7437
-16.094,-4.2656
-23.258,-5.8144
-22.166,-5.1249
-15.855,-3.9971
-17.955,-4.0585
-15.794,-4.2179
-17.633,-4.2149
-21.88,-5.9767
-22.41,-5.3129
-16.265,-4.1312
-23.148,-5.7495
-14.434,-3.6654
-16.291,-3.9939
-18.65,-4.4324
-19.985,-4.8785
-18.285,-4.4797
-3.4584,-1.8066
-20.527,-5.4168
-27.301,-6.5689
-11.017,-3.11
-17.14,-4.1467
-23.039,-5.8446
-7.7236,-2.627
-17.416,-3.6325
-18.62,-4.8933
-23.648,-5.2047
-24.995,-5.7506
-28.295,-6.8539
-21.984,-5.4358
-24.939,-6.071
-16.962,-4.245
-21.49,-4.9196
-11.703,-3.7647
-12.915,-2.98
-19.231,-4.6233
-21.326,-5.4261
-14.596,-3.9301
-25.378,-6.0155
-27.462,7.3107
-26.166,11.367
-30.259,-6.6944
-27.138,6.9911
-27.681,6.1959
-29.308,-2.9139
-28.434,0.64188
-27.657,6.2733
-24.422,19.543
-25.231,16.941
-29.35,-2.54
-24.965,18.014
-27.275,3.8719
-28.063,4.3325
-27.285,9.6684
-28.205,4.4525
-28.124,4.6464
-26.51,10.387
-26.591,10.58
-26.583,10.7
-27.329,7.1493
-29.207,-2.5323
-27.283,6.7616
-26.37,11.105
-27.511,5.5642
-26.965,9.7631
-27.273,10.629
-28.303,0.88391
-27.706,5.4922
-28.787,-1.4509
-27.112,9.7208
-29.147,0.70332
-29.069,-3.0093
-28.809,2.9285
-30.944,-10.684
-26.562,10.773
-27.675,6.9171
-28.755,0.79753
-26.63,13.203
-29.712,-0.060532
-28.102,3.7229
-28.241,0.39068
-27.681,4.9536
-27.687,4.2859
-28.865,-0.90363
-28.03,2.373
-28.165,3.3615
-27.372,9.6115
-26.907,7.9727
-26.891,8.6206
-28.864,1.6567
-27.923,5.9525
-29.214,-0.82122
-29.114,0.34654
-28.007,5.121
-26.467,10.392
-28.77,1.1039
-27.629,5.2755
-28.226,1.7945
-26.883,9.8678
-29.089,-0.81156
-27.967,3.899
-27.447,6.8723
-26.899,10.259
-26.456,11.469
-27.914,4.6441
-29.492,-2.342
-28.742,0.7274
-29.062,-1.8016
-25.65,15.618
-28.616,3.0936
-27.252,6.6598
-28.192,5.6843
-27.111,7.7656
-28.765,0.23573
-29.402,-3.4976
-29.422,-3.4489
-27.512,4.9362
-28.177,3.67
-28.196,5.2304
-26.581,11.085
-27.708,6.4421
-27.802,6.6652
-26.412,7.8381
-28.804,0.15824
-27.303,7.6018
-27.165,8.7067
-28.244,1.1771
-27.784,3.6399
-29.166,-0.20032
-29.148,-1.32
-27.895,5.2036
-27.278,5.9793
-25.415,13.473
-28.667,2.006
-27.813,6.4216
-28.082,5.7878
-29.933,-6.7255
-28.439,0.25616
-29.795,-6.0258
-27.16,7.7266
-28.888,-0.81038
-27.9,6.1889
-28.545,-0.37525
-27.696,3.0609
-28.6,1.5701
-27.51,7.7829
-27.261,6.2651
-26.288,10.029
-28.194,2.9289
-30.138,-7.7874
-28.84,0.2448
-26.645,11.192
-29.072,-0.53666
-27.039,5.7986
-27.876,3.8481
-26.563,10.066
-29.961,-2.4249
-28.198,4.3206
-29.208,-1.5108
-25.092,18.818
-27.175,6.3314
-26.621,9.7447
-29.058,1.1068
-28.469,3.8787
-28.272,3.7401
-26.902,9.5921
-28.278,1.9742
-27.298,8.1423
-30.052,-6.3287
-28.354,3.1677
-28.824,0.6667
-29.577,-1.5896
-27.492,5.7225
-27.718,6.1105
-27.967,5.1999
-29.334,-3.19
-26.873,9.2804
-27.65,7.6888
-28.299,2.8029
-27.977,3.6947
-28.262,3.4251
-29.75,-4.2399
-28.286,3.3008
-28.831,0.080573
-28.979,-0.43067
-29.156,-0.59424
-28.534,3.4012
-30.003,-4.4141
-27.036,10.52
-27.48,3.657
-28.02,3.3156
-28.035,4.1557
-28.798,-0.69657
-26.981,6.8962
-28.133,4.2168
-28.715,1.5951
-26.649,10.464
-28.225,3.5115
-28.589,0.19772
-28.294,2.0197
-28.848,0.043218
-29.12,-1.9505
-25.474,15.806
-26.345,14.579
-27.692,4.746
-29.257,-0.80054
-28.865,-1.263
-28.177,4.9777
-27.209,6.2793
-29.332,-1.7179
-30.33,-7.3027
-29.449,-1.8436
-27.666,5.5158
-27.609,5.7029
-27.548,9.9338
-28.13,2.5802
-27.816,4.7646
-28.476,5.4066
-27.138,6.3622
-29.362,-1.3961
-27.545,4.6236
-28.849,1.5442
-28.335,2.9263
-27.447,7.3502
-26.961,8.307
-29.118,-0.70502
-26.739,11.621
-27.34,3.961
-28.068,1.534
-28.195,3.6711
-28.218,2.1546
-28.303,2.244
-27.977,2.1235
-27.949,3.0338
-27.174,7.1826
-26.473,9.9113
-27.533,4.9549
-28.21,2.4982
-27.375,5.5663
-27.817,6.5997
-29.03,-1.9415
-27.051,10.676
-27.693,4.8864
-27.865,2.6878
-27.485,5.5002
-27.739,6.4126
-28.941,1.1602
-28.162,3.4814
-28.146,3.7229
-28.532,2.4432
-26.318,9.6393
-28.876,-0.71031
-28.484,-0.59823
-28.712,0.20187
-29.174,-0.028183
-28.192,4.084
-28.274,5.7932
-26.47,11.106
-28.249,0.02662
-29.064,1.4459
-26.397,12.912
-26.765,8.7853
-28.23,3.2612
-29.506,-1.7466
-28.445,2.5081
-28.156,4.2195
-27.724,5.0932
-28.261,2.7734
-27.557,6.1119
-27.608,4.7189
-29.251,0.25434
-28.948,-0.25745
-28.741,1.5732
-28.508,0.58385
-28.321,1.135
-27.988,3.9358
-31.029,-9.9657
-28.457,3.524
-26.758,10.393
-29.067,-0.085123
-27.066,6.2903
-27.65,4.2963
-28.029,4.1368
-27.818,4.3608
-29.565,-1.3361
-28.085,5.3938
-26.396,10.449
-27.902,5.6003
-27.959,6.0322
-28.734,1.1209
-28.031,6.0089
-27.768,6.451
-27.574,6.202
-28.373,3.4823
-28.236,3.1931
-25.976,12.558
-30.258,-5.6884
-25.771,14.08
-27.662,5.0367
-27,10.843
-29.664,-3.196
-28.59,4.9568
-28.278,2.3569
-27.577,6.6487
-29.67,-1.4223
-27.528,9.7328
-29.213,-1.0562
-27.934,3.2524
-27.348,7.9984
-27.673,3.7257
-26.917,8.5096
-26.994,8.887
-28.651,3.0414
-27.743,7.0579
-28.944,-0.28616
-29.322,-0.7258
-27.075,7.7367
-28,4.8748
-28.055,6.2866
-27.089,8.3074
-27.405,6.2781
-27.65,4.9144
-26.75,10.574
-27.07,9.9531
-27.76,7.8909
-28.69,0.96487
-28.652,1.2837
-26.808,8.5275
-29.612,-1.1208
-28.024,3.7901
-29.949,-5.3958
-26.98,11.482
-27.138,8.9491
-27.999,4.9529
-28.071,2.351
-30.486,-6.6142
-27.419,7.3034
-30.192,-7.3109
-30.319,-6.7355
-27.92,3.824
-28.948,0.43013
-27.589,4.5196
-27.323,8.487
-27.142,10.221
-28.691,0.48795
-27.551,6.0107
-27.899,5.1231
-27.174,9.3091
-27.464,7.1033
-27.102,8.5657
-28.132,2.7676
-28.147,3.0314
-26.992,9.3464
-30.124,-3.3302
-28.505,2.4813
-29.271,-3.3131
-28.383,2.8513
-27.351,6.7972
-27.174,7.3929
-29.015,-0.85721
-28.471,0.71636
-27.863,4.1922
-28.292,1.6489
-27.698,4.8754
-27.6,5.9548
-28.93,0.045803
-28.177,2.919
-30.132,-5.7963
-26.855,9.1987
-28.629,1.7753
-29.204,0.27811
-28.254,3.6776
-29.429,-2.8081
-28.021,4.6972
-28.561,1.1522
-25.822,11.444
-26.862,6.018
-30.497,-9.5029
-27.559,5.6723
-29.398,-3.1113
-28.255,1.8996
-27.836,4.7936
-27.252,6.4931
-28.273,1.9372
-26.424,11.9
-28.481,2.8707
-27.672,8.6971
-27.335,7.3914
-27.915,4.4605
-27.119,7.2048
-27.677,5.1962
-28.784,0.4045
-29.805,-6.4469
-26.141,12.023
-28.605,2.2712
-27.897,3.7101
-27.437,7.1881
-27.886,5.8227
-28.905,1.3537
-28.468,2.9229
-28.125,0.44851
-26.521,9.9087
-28.861,1.3189
-27.215,8.0531
-27.691,5.3952
-28.234,3.5256
-29.057,0.73857
-28.284,2.9248
-28.087,2.6063
-29.469,-2.8506
-27.808,4.5899
-28.822,1.486
-28.094,4.1213
-27.664,6.2373
-28.905,0.12462
-28.288,2.2236
-27.65,5.6562
-29.836,-3.9747
-26.964,6.8123
-25.576,15.147
-27.041,9.5444
-28.316,2.4333
-27.571,8.0089
-29.036,0.079528
-26.122,11.894
-27.059,8.0295
-27.213,7.179
-28.876,0.37754
-27.68,6.4381
-28.558,1.1015
-28.311,3.205
-28.57,3.757
-29.026,0.61644
-28.909,1.0024
-28.21,1.9776
-29.699,-4.3516
-27.392,7.0551
-28.118,3.3368
-27.301,4.9965
-27.73,3.21
-27.506,7.5818
-29.483,-3.677
-29.02,2.1582
-28.447,-0.95089
-27.89,5.0871
-26.871,9.0801
-28.29,1.6948
-26.738,10.212
-27.525,5.0892
-26.826,10.421
-27.873,4.6597
-28.657,-1.1244
-29.481,-5.8739
-27.845,4.3242
-27.181,9.1992
-28.293,2.923
-28.541,1.6382
-28.309,3.5209
-29.097,-2.778
-28.493,3.667
-28.181,2.0042
-27.954,4.2562
-28.064,3.232
-27.389,6.9489
-27.891,1.9196
-26.186,14.179
-27.688,6.1261
-26.196,14.779
-28.723,2.62
-27.473,6.3846
-28.26,1.5866
-27.4,4.4003
-27.406,6.6951
-30.186,-5.5472
-29.327,-0.5882
-29.441,-3.7426
-27.598,6.8597
-26.53,10.71
-28.327,1.5058
-27.188,8.6796
-27.454,6.8064
-29.052,-1.0434
-27.603,8.272
-28.752,1.4224
-26.484,10.677
-28.033,4.2205
-26.364,11.477
-28.425,2.3169
-27.411,7.2525
-28.063,2.9191
-30.022,-6.1532
-28.982,0.057502
-27.387,9.25
-28.055,3.3471
-29.119,-2.374
-28.626,0.86573
-27.75,4.4825
-28.993,-0.90162
-27.025,9.0163
-28.641,0.94483
-26.191,11.354
-29.08,-1.4464
-27.801,3.1468
-29.521,-3.9817
-28.724,-1.1256
-28.593,0.64779
-27.599,4.3706
-27.058,7.3041
-27.7,4.9531
-28.373,0.73315
-27.185,7.6441
-27.201,8.0453
-27.88,3.2667
-27.429,8.0442
-27.587,3.7594
-28.987,-0.95962
-27.24,5.454
-28.657,0.5867
-28.604,-0.46901
-27.823,4.0358
-28.308,1.6364
-28.132,1.8392
-27.405,3.9476
-26.953,9.4583
-28.198,5.7551
-27.672,8.4157
-28.238,2.2766
-27.77,4.9723
-27.56,5.3639
-28.617,1.3246
-27.725,4.0213
-27.399,4.1657
-27.908,4.3672
-26.27,10.164
-28.609,-1.2552
-28.737,3.8241
-29.75,-4.1831
-27.09,8.6315
-27.133,9.4794
-28.08,1.4118
-27.102,8.5897
-27.816,5.4904
-27.709,5.4184
-27.887,4.717
-27.56,5.2814
-27.898,5.414
-25.213,15.419
-29.167,-2.3035
-29.854,-3.3848
-29.141,1.098
-29.093,-1.4312
-28.434,1.3806
-28.168,3.7817
-28.219,4.4352
-27.459,7.7165
-27.611,6.1091
-27.249,6.5413
-26.222,12.835
-26.777,9.399
-29.283,0.04688
-30.329,-8.3432
-27.098,8.2455
-29.836,-2.5542
-27.933,3.6457
-27.965,3.3331
-25.773,12.787
-28.069,3.3198
-28.507,1.4518
-27.764,5.242
-27.754,3.9376
-27.93,4.4244
-28.609,0.46254
-29.223,-1.9895
-27.683,4.3155
-29.343,-2.4166
-29.032,4.0777
-26.669,14.498
-28.419,3.6322
-28.14,4.41
-27.1,6.3584
-28.3,1.8762
-26.971,7.8127
-28.345,3.1553
-26.987,9.1965
-27.371,6.9755
-28.213,2.5913
-28.866,-1.1204
-29.043,-0.68695
-28.27,4.2916
-28.438,2.5937
-28.409,2.4004
-27.016,9.2957
-28.298,3.4332
-26.856,7.0082
-28.532,1.6325
-27.027,7.8131
-28.522,-1.0409
-27.823,3.0371
-27.029,7.9452
-28.414,3.2291
-28.438,1.7245
-25.997,13.362
-27.049,7.0916
-28.432,-0.79786
-27.351,7.0445
-28.36,1.1214
-27.294,8.7277
-26.584,12.667
-29.605,-3.712
-26.971,10.208
-26.542,11.822
-27.953,2.3417
-26.254,11.814
-27.845,5.0447
-29.237,-0.87518
-30.193,-4.9754
-28.333,3.3918
-27.286,8.1084
-27.683,5.0148
-27.586,6.3629
-28.577,-1.5772
-27.856,3.1024
-29.639,-1.7839
-28.76,-0.29448
-28.819,0.74875
-27.48,8.3338
-28.014,2.7604
-29.156,-2.4689
-28.01,3.3053
-28.69,1.4793
-28.667,0.72898
-27.136,6.5952
-27.887,2.4296
-27.602,5.3028
-27.116,7.6853
-27.82,4.1031
-27.449,6.1323
-27.317,5.6242
-26.829,9.9943
-27.524,3.2646
-26.588,10.546
-27.977,4.9868
-28.048,2.6617
-26.299,11.58
-28.51,2.0923
-28.003,3.1741
-27.08,8.1214
-27.85,5.2193
-26.595,9.0825
-26.966,9.7584
-27.708,6.76
-28.778,0.92524
-27.433,6.5701
-29.383,-3.7623
-27.756,5.7547
-27.192,6.0296
-27.787,7.0631
-27.12,8.655
-25.961,13.525
-27.076,7.637
-27.733,2.3221
-27.358,5.3058
-27.575,6.398
-29.315,1.2751
-28.416,3.1054
-26.775,9.9209
-28.044,3.0869
-27.418,6.7827
-29.007,0.74373
-27.935,3.9543
-27.4,9.2039
-29.362,-3.7411
-27.652,5.0665
-28.182,3.2511
-28.94,-2.8127
-28.038,4.5791
-29.896,-4.4305
-30.128,-5.4691
-29.177,-0.24486
-28.991,0.92328
-29.173,-0.21745
-29.725,-4.3846
-27.712,5.2354
-29.594,-2.7063
-27.89,2.8334
-27.213,6.1713
-28.002,3.4252
-27.907,4.5217
-28.378,4.6675
-29.483,-1.6174
-28.044,3.2174
-27.039,7.4915
-26.262,13.851
-28.43,5.6802
-29.627,-3.1015
-27.834,4.1151
-27.624,3.8244
-28.227,4.2685
-29.149,-0.78684
-25.976,14.651
-30.36,-7.82
-28.51,2.0234
-29.322,-2.8125
-28.636,2.824
-27.682,4.7012
-27.862,4.5056
-28.711,0.34157
-27.223,8.8114
-27.378,7.3675
-27.353,5.5848
-28.426,1.2477
-26.951,7.3353
-27.339,7.6422
-25.491,15.729
-26.937,6.6221
-26.843,6.6836
-27.947,4.185
-29.288,-0.87544
-28.371,2.5528
-28.758,-1.4523
-28.564,-0.5907
-27.445,7.6452
-28.557,1.3022
-28.895,-0.53896
-28.409,3.8992
-28.161,2.2224
-27.591,6.0212
-28.953,0.26584
-27.683,6.5125
-27.922,3.2209
-26.676,10.432
-28.213,6.6766
-28.134,1.3934
-29.171,-0.697
-29.385,-2.5376
-27.689,4.3032
-28.249,1.7767
-27.496,6.9255
-28.893,3.0463
-26.091,11.538
-27.878,5.2657
-26.953,7.9721
-28.227,5.5936
-28.163,3.9893
-27.31,6.9228
-27.444,7.3209
-29.12,-1.0485
-29.533,-1.4324
-29.098,-1.1859
-29.416,-3.8545
-27.94,4.5941
-28.411,4.2144
-28.368,0.76097
-29.361,-2.4449
-27.22,8.8373
-27.561,3.4373
-28.09,4.4241
-26.979,9.5914
-28.874,0.3495
-27.585,4.8472
-27.652,5.5585
-27.651,5.6949
-28.729,1.9556
-27.673,6.3485
-28.515,1.2197
-28.896,2.1089
-29.203,-1.482
-26.962,7.5951
-28.846,-0.38672
-28.173,4.3577
-29.209,-1.1807
-28.297,3.8388
-31.232,-10.453
-29.087,2.3984
-29.426,-4.6224
-29.014,-1.1152
-28.213,2.9289
-28.325,2.654
-26.056,14.676
-28.572,1.7173
-28.25,2.7229
-29.569,-2.9712
-28.477,2.8459
-29.338,-2.9329
-27.97,4.7327
-27.147,5.7686
-27.596,5.7149
-28.701,-0.39866
-29.631,-4.2011
-26.54,10.944
-25.95,11.737
-27.879,3.234
-28.99,-2.4598
-26.802,6.4419
-28.593,1.1326
-28.47,3.424
-27.114,7.748
-29.385,-2.543
-29.957,-6.1901
-27.579,7.9876
-27.599,5.4734
-27.905,6.14
-27.503,6.7139
-26.918,8.5221
-27.03,9.7986
-28.569,2.7411
-27.19,7.4974
-27.827,6.494
-28.506,4.0815
-29.193,-1.4567
-27.353,6.5731
-28.354,2.944
-27.954,4.6743
-28.793,1.5
-29.551,-3.3154
-27.828,5.7181
-28.062,5.1075
-26.801,9.6305
-27.198,7.8105
-26.947,7.0806
-28.749,-0.92142
-28.936,-2.1468
-29.269,-3.3569
-27.502,6.0357
-25.211,14.415
-27.272,10.245
-28.773,1.4992
-27.163,5.0296
-29.128,-2.6048
-29.424,-2.5519
-27.283,4.9626
-28.778,-0.10896
-27.684,6.8652
-26.593,10.113
-27.599,5.7161
-27.07,6.8585
-29.606,-3.9612
-27.338,5.189
-25.861,14.105
-27.459,5.8369
-29.541,-1.8977
-28.203,4.7226
-28.5,3.1752
-27.617,5.6775
-27.588,5.1874
-27.595,4.2055
-28.364,2.5198
-28.599,2.5725
-28.59,0.89584
-27.146,7.6117
-29.853,-3.5232
-28.207,4.21
-27.73,3.3423
-28.653,1.327
-27.523,6.4066
-28.071,3.4791
-28.938,0.95869
-27.839,4.2444
-28.268,1.7002
-28.41,2.5207
-28.711,1.4073
-27.939,3.9888
-29.846,-3.2544
-28.398,0.19935
-28.544,0.13205
-28.912,-4.1676
-27.347,7.6269
-28.734,-0.61522
-27.459,6.098
-27.024,9.7264
-28.157,3.3616
-27.722,4.6675
-27.36,5.7554
-28.081,3.3176
-27.459,7.2315
-29.263,-3.6874
-26.89,8.9065
-28.99,0.58198
-29.829,-6.1092
-26.616,11.116
-28.063,4.6216
-27.551,4.8532
-28.363,0.37506
-29.021,-0.019636
-31.073,-8.7592
-27.374,7.5841
-28.287,3.7191
-28.197,1.5481
-27.594,6.5976
-29.419,-3.1543
-28.729,-0.025123
-26.853,7.1047
-27.402,8.1458
-29.281,-1.5342
-30.203,-4.587
-28.571,3.4283
-27.786,3.4586
-27.058,9.0913
-27.906,4.4049
-29.122,0.15905
-27.694,6.8431
-29.172,-0.19013
-28.961,-1.4059
-28.654,0.89087
-29.229,-1.1828
-28.271,6.959
-28.9,1.5729
-28.286,5.7843
-28.462,2.4674
-28.41,2.4362
-28.504,2.5452
-26.767,8.8517
-27.39,8.3889
-27.941,4.0573
-29.467,-4.4184
-29.626,-2.1641
-29.965,-6.9164
-25.395,13.284
-27.028,8.7572
-27.743,3.8985
-28.974,-1.5889
-29.146,-1.3729
-27.452,5.8176
-26.435,10.748
-29.693,-3.2601
-28.449,0.43189
-28.084,2.0012
-29.992,-7.7413
-27.159,7.2694
-28.415,3.0128
-26.088,11.676
-28.391,2.9041
-27.591,6.5561
-29.142,0.16971
-28.625,2.4969
-29.169,-2.1705
-27.607,4.6331
-26.698,9.9223
-28.594,0.44909
-27.564,7.8855
-28.504,3.5557
-27.898,4.5853
-26.804,8.8181
-27.88,5.217
-29.037,-1.534
-28.857,-0.022346
-28.17,2.5338
-28.192,3.2772
-28.866,1.5965
-27.819,5.7952
-26.733,11.212
-28.251,1.6597
-28.205,3.3173
-30.202,-7.2077
-28.775,1.0238
-29.393,-1.8389
-28.386,3.9768
-27.474,7.8193
-26.477,11.719
-26.202,11.425
-28.117,2.8443
-28.32,-0.15484
-27.182,7.0858
-27.51,4.1537
-27.235,8.6737
-27.222,8.6954
-29.48,-2.4784
-27.46,5.9311
-28.092,3.7773
-28.76,2.7021
-28.694,2.6635
-26.719,9.1733
-28.81,0.57897
-29.237,-3.048
-27.785,5.4962
-25.989,14.026
-27.974,5.3056
-27.692,3.3617
-28.938,0.44544
-26.326,10.391
-27.875,4.0643
-27.47,7.4279
-28.952,0.11018
-27.146,7.6266
-27.611,6.5538
-29.156,0.96023
-27.96,3.354
-28.451,0.18629
-27.891,2.9541
-28.251,1.6233
-28.19,2.2575
-29.033,0.11477
-28.323,-0.21403
-27.233,7.7615
-26.255,10.821
-29.161,0.23224
-25.623,13.567
-26.474,10.877
-27.831,3.518
-28.301,1.743
-28.699,0.51192
-27.167,7.4448
-28.695,0.18001
-28.462,3.4142
-27.116,8.704
-27.564,8.4159
-27.103,7.6685
-27.495,7.6823
-28.401,-0.58107
-28.514,2.5323
-27.204,8.0751
-28.671,0.48465
-26.813,10.26
-27.209,8.7192
-27.712,6.6621
-27.997,4.5698
-27.634,6.4404
-24.473,18.978
-28.112,2.0453
-29.557,-3.3587
-26.085,12.865
-27.39,8.0023
-28.648,0.03864
-25.383,15.13
-27.449,10.414
-27.706,4.5003
-28.778,3.04
-29.065,0.4793
-29.768,-4.6958
-28.423,1.9559
-29.053,-1.0236
-27.352,7.5413
-28.318,4.3772
-26.231,9.7939
-26.489,13.475
-27.836,5.767
-28.283,2.0014
-26.848,9.018
-29.147,-0.76298