4.5377,7.5864
5.8339,18.043
1.7412,-11.302
4.8622,10.399
4.3188,6.3741
2.6923,-4.3429
3.5664,1.1654
4.3426,10.673
7.5784,26.887
6.7694,20.242
2.6501,-7.0777
7.0349,23.251
4.7254,8.3349
3.9369,3.3045
4.7147,8.5939
3.795,3.4226
3.8759,3.7452
5.4897,15.44
5.409,16.471
5.4172,15.669
4.6715,6.6495
2.7925,-7.9321
4.7172,10.343
5.6302,12.411
4.4889,7.4766
5.0347,11.194
4.7269,12.459
3.6966,1.7993
4.2939,5.2434
3.2127,-1.0677
4.8884,10.51
2.8529,-3.8065
2.9311,-4.316
3.1905,-3.4756
1.0557,-15.826
5.4384,11.849
4.3252,4.6481
3.2451,0.849
5.3703,12.807
2.2885,-8.0264
3.8978,4.6856
3.7586,1.8701
4.3192,7.7939
4.3129,5.6253
3.1351,-0.40192
3.9699,4.7656
3.8351,2.533
4.6277,6.9928
5.0933,9.9309
5.1093,11.236
3.1363,-2.6366
4.0774,3.902
2.7859,-2.8569
2.8865,-4.1434
3.9932,5.7208
5.5326,13.753
3.2303,0.19286
4.3714,5.7551
3.7744,2.7165
5.1174,13.21
2.9109,-4.1545
4.0326,3.5471
4.5525,10.91
5.1006,13.064
5.5442,13.987
4.0859,5.5962
2.5084,-6.8486
3.2577,-0.030611
2.9384,-1.1361
6.3505,17.738
3.3844,1.3429
4.7481,11.416
3.8076,2.7457
4.8886,12.831
3.2352,-1.0372
2.5977,-7.5882
2.5776,-9.2055
4.4882,6.8531
3.8226,3.8792
3.8039,3.1379
5.4193,14.433
4.2916,5.1198
4.1978,5.5875
5.5877,12.422
3.1955,-2.7259
4.6966,7.5409
4.8351,10.566
3.7563,2.2965
4.2157,3.7017
2.8342,-4.059
2.852,-4.9873
4.1049,3.6929
4.7223,10.319
6.5855,22.015
3.3331,0.014308
4.1873,6.6592
3.9175,3.7095
2.067,-8.4863
3.561,2.027
2.2053,-6.5736
4.8404,10.534
3.112,0.055837
4.1001,4.7256
3.4555,0.16875
4.3035,8.7245
3.3997,-0.93025
4.49,7.3763
4.7394,10.524
5.7119,16.044
3.8059,4.8325
1.8616,-9.1559
3.1604,-1.3424
5.3546,12.144
2.9278,-2.5218
4.961,8.4931
4.124,5.2339
5.4367,15.163
2.0391,-9.2009
3.8023,3.9958
2.7922,-1.1821
6.908,25.494
4.8252,10.107
5.379,14.507
2.9418,-2.6437
3.5314,-1.266
3.7275,1.4762
5.0984,13.472
3.7221,2.0153
4.7015,9.741
1.9482,-11.714
3.6462,1.6582
3.1764,-0.75472
2.4229,-8.9865
4.508,8.0424
4.282,5.6646
4.0335,2.7785
2.6663,-5.2604
5.1275,8.8481
4.3502,3.1265
3.7009,0.11697
4.0229,2.6266
3.738,0.37877
2.2498,-10.744
3.7143,2.4746
3.1686,-4.201
3.0208,-2.5861
2.8436,-2.7624
3.4664,0.31501
1.9974,-9.6742
4.9642,10.069
4.5201,5.2963
3.98,3.7941
3.9652,5.2455
3.2018,1.1799
5.0187,10.364
3.8668,0.56502
3.2855,-0.67309
5.3514,13.906
3.7752,2.0982
3.411,-1.8405
3.7062,5.1026
3.1521,-5.4984
2.8799,-4.5173
6.526,19.386
5.6555,14.44
4.3075,6.6134
2.7429,-4.4607
3.1345,-3.0705
3.8235,3.9831
4.7914,10.423
2.668,-4.19
1.6701,-12.734
2.5509,-4.3777
4.3335,7.3227
4.3914,10.579
4.4517,8.7607
3.8697,4.8896
4.1837,5.3494
3.5238,-1.2773
4.862,9.3741
2.6383,-6.5672
4.455,6.2678
3.1513,-0.99787
3.6651,0.82852
4.5528,6.4304
5.0391,10.537
2.8824,-3.9604
5.2607,13.331
4.6601,7.0822
3.9321,4.0223
3.8048,2.7736
3.7824,4.546
3.6969,1.579
4.023,3.9511
4.0513,2.543
4.8261,7.5583
5.527,15.016
4.4669,6.836
3.7903,3.3317
4.6252,6.9338
4.1832,8.2148
2.9702,-2.9164
4.9492,12.168
4.3071,5.7679
4.1352,4.6815
4.5152,8.622
4.2614,6.6629
3.0585,-4.2281
3.8377,0.51038
3.8539,1.295
3.468,-1.8596
5.6821,15.699
3.1243,-2.6783
3.5162,0.092745
3.288,-3.0168
2.8258,-2.8969
3.8078,3.3529
3.7259,1.9704
5.5301,16.136
3.751,0.93059
2.9358,-2.702
5.6035,15.603
5.2347,13.059
3.7704,1.2882
2.4938,-5.8872
3.5554,0.13608
3.8441,1.5381
4.2761,4.0447
3.7388,3.8024
4.4434,5.7518
4.3919,6.4368
2.7493,-6.4982
3.052,-3.0003
3.2589,-6.1102
3.4922,-1.1843
3.6794,-0.41719
4.0125,2.5177
0.97082,-17.231
3.543,0.34362
5.2424,15.579
2.9333,-4.2442
4.9337,10.056
4.3503,3.9911
3.971,3.0618
4.1825,3.1905
2.4349,-6.752
3.9155,4.7355
5.6039,15.692
4.0983,3.5955
4.0414,1.7647
3.2658,1.1914
3.9692,6.9567
4.2323,5.7895
4.4264,5.4117
3.6272,3.2793
3.7635,1.4522
6.0237,17.237
1.7416,-10.212
6.2294,17.242
4.3376,3.3041
5.0001,11.551
2.3358,-6.8632
3.41,0.075848
3.7219,2.8492
4.4227,8.5898
2.3298,-6.0241
4.4716,6.3753
2.7872,-3.1165
4.0662,4.7245
4.6524,7.7197
4.3271,4.4119
5.0826,12.47
5.0061,10.395
3.3491,-0.41948
4.2571,4.5478
3.0556,-4.9132
2.6782,-4.8551
4.9248,10.285
4,5.854
3.9451,4.8605
4.9111,11.915
4.5946,6.9449
4.3502,4.9689
5.2503,10.665
4.9298,11.185
4.2398,9.9662
3.3096,0.36131
3.3484,-1.6908
5.1921,13.519
2.3882,-8.866
3.9755,1.629
2.0512,-8.3379
5.0205,9.8388
4.8617,10.434
4.0012,6.1825
3.9292,4.1313
1.5137,-11.718
4.5812,5.5276
1.8076,-10.105
1.6807,-8.697
4.0799,5.3881
3.0515,-4.9267
4.4115,6.5252
4.677,7.8982
4.8577,10.51
3.3088,-0.13201
4.4494,7.7276
4.1006,4.132
4.8261,8.7734
4.5362,6.788
4.8979,11.515
3.8681,0.22495
3.8528,2.6638
5.0078,11.372
1.8763,-11.662
3.4954,1.2561
2.7294,-4.8774
3.6174,-0.090414
4.6487,8.7253
4.8257,9.2829
2.9851,-3.6368
3.5289,-0.35006
4.137,5.0405
3.7081,-0.8679
4.3018,5.4667
4.3999,5.9192
3.07,-3.8265
3.8232,3.7889
1.8679,-11.847
5.1454,12.739
3.3709,1.1679
2.7962,-4.5491
3.7461,2.6772
2.5714,-4.869
3.9791,3.7309
3.4393,0.96758
6.1778,17.075
5.1385,13.572
1.5031,-14.758
4.4413,4.2178
2.6019,-3.5068
3.7449,2.1431
4.1644,5.8284
4.7477,8.5978
3.727,0.53819
5.5763,10.126
3.5191,1.6497
4.3275,5.8166
4.6647,8.2816
4.0852,5.2149
4.881,7.8843
4.3232,5.1025
3.2159,0.36312
2.1946,-7.5328
5.8586,14.843
3.3955,-3.5774
4.1034,3.8301
4.5632,8.2167
4.1136,6.2407
3.0953,-2.0977
3.5323,-0.96228
3.8751,3.6116
5.479,12.392
3.1392,-3.4252
4.7847,8.4036
4.3086,4.2289
3.7661,1.9675
2.943,-4.6844
3.7159,1.5978
3.9133,2.687
2.5306,-6.7723
4.1922,4.5476
3.1777,0.23281
3.9058,4.2932
4.3362,6.4112
3.0953,-4.51
3.7117,-0.5024
4.3501,3.378
2.1641,-4.6399
5.036,12.651
6.4245,21.126
4.9594,9.1137
3.6842,0.048937
4.4286,7.8041
2.964,-0.72873
5.8779,14.339
4.9407,9.7961
4.7873,9.3024
3.1241,-5.1231
4.3199,7.5082
3.4417,-0.49328
3.6886,4.8073
3.43,-0.53738
2.9743,-2.445
3.0913,-4.0365
3.7901,1.5857
2.3011,-9.529
4.6076,8.7994
3.8822,5.1998
4.6992,7.9065
4.2696,6.5352
4.4943,6.6309
2.5169,-6.0757
2.9797,-1.1905
3.553,1.1017
4.1097,3.1537
5.1287,10.463
3.71,1.7366
5.2616,12.408
4.4754,5.9419
5.1741,12.381
4.1269,6.8339
3.3432,-0.92033
2.5186,-6.5379
4.1555,1.6694
4.8186,8.4506
3.7074,-0.17281
3.4592,-0.32853
3.6914,2.6829
2.9034,-1.2116
3.507,3.3786
3.8193,2.5722
4.0458,3.8213
3.9362,4.8237
4.6113,8.976
4.1093,5.9373
5.814,17.72
4.312,3.8645
5.8045,17.286
3.2769,-1.1311
4.5265,6.4579
3.7397,1.132
4.6001,10.122
4.5939,6.8463
1.814,-12.996
2.673,-4.8247
2.559,-2.8344
4.4018,6.8122
5.4702,14.621
3.6732,0.29449
4.8123,12.193
4.5455,7.9575
2.9484,-2.4367
4.3975,5.2707
3.2481,0.13224
5.5163,15.064
3.9674,1.9882
5.636,15.35
3.5749,0.37049
4.5894,8.236
3.9372,3.1794
1.978,-10.245
3.0179,-4.3736
4.6125,7.7265
3.9451,4.8063
2.8813,-1.0221
3.3736,-2.1161
4.2495,9.3971
3.007,-0.49257
4.975,10.988
3.3593,-0.88655
5.8089,15.401
2.9201,-2.1636
4.1992,4.3006
2.479,-7.2091
3.2764,0.37298
3.4067,0.58053
4.4013,8.1556
4.9421,11.281
4.3005,5.4536
3.6269,0.63142
4.8155,10.858
4.7989,8.4747
4.1202,6.6639
4.5712,9.164
4.4128,7.2931
3.013,-2.805
4.7596,9.8063
3.3428,4.9174
3.3961,-0.34086
4.1769,2.8145
3.6925,4.8389
3.8682,4.0332
4.5954,7.1063
5.0468,15.269
3.802,3.4858
4.3277,6.7158
3.7617,1.1532
4.2296,3.9379
4.44,4.3021
3.3831,-0.91019
4.2748,4.2683
4.6011,9.149
4.0923,4.1459
5.7298,18.671
3.3914,2.1363
3.2629,-0.83216
2.2501,-8.5113
4.9105,12.064
4.8671,8.2104
-0.3263,-6.2531
-1.6691,6.2556
-1.4003,4.5379
-1.6718,5.7639
-0.42437,-2.7279
-1.7781,5.5527
-2.0636,9.4564
-0.44702,-4.1295
-1.4234,2.6905
-0.63841,-0.37361
-1.3519,6.0354
-0.73046,-1.4572
-3.5644,17.914
-0.53414,-1.5836
0.85356,-10.132
0.039289,-4.6746
-0.089103,-4.8676
-1.2397,1.6734
-0.819,0.7247
-0.75575,-0.80781
-0.90361,2.4636
-1.8305,4.5532
-1.3523,3.6489
-1.1748,4.1998
-1.4807,3.5514
-0.16316,-5.7401
1.5383,-17.958
-2.3233,9.7001
-0.87166,-0.19555
-2.4424,11.164
0.30251,-9.3529
0.40991,-8.6008
-2.6625,11.538
0.94368,-12.981
-2.0847,7.1886
-0.77318,-1.0017
0.098929,-1.0637
-0.85281,5.2523
1.2957,-13.067
1.7526,-16.776
-0.86168,-1.9303
-2.9071,13.255
-1.365,2.5609
-1.8481,7.6795
-1.7648,7.0235
-2.1277,8.9488
-0.92181,-0.065571
1.1066,-14.967
-1.7158,5.9476
-1.2805,4.6966
0.16648,-6.388
0.21282,-7.0886
-0.51446,-1.3338
0.026016,-5.1763
-0.12927,-7.507
-1.3818,3.6632
-0.57111,-2.6179
-1.2991,-0.080529
-1.8999,5.1552
-0.36525,-3.8743
-0.93255,1.8107
-1.1871,1.9367
-0.70827,-0.60749
-0.012305,-7.2033
-0.60707,-5.0464
-0.80545,-0.19721
-0.72022,-2.401
-0.94878,2.4594
-1.7745,9.0262
-0.21322,-5.0034
0.40891,-6.8773
-1.5341,6.1596
0.92776,-14.489
-1.1762,2.1645
-1.2438,3.0856
-1.8976,8.002
-1.7923,7.5134
-1.953,8.6181
-0.64609,-0.39317
0.59703,-10.503
-0.47253,-2.0532
-0.1458,-8.3769
0.34185,-10.065
-3.4995,20.105
-1.1676,1.1347
-0.64698,-0.92941
-0.28275,-1.6175
-2.3049,8.6293
-2.0059,6.4575
-0.20932,-5.2174
-1.1166,2.4862
-0.44691,-3.1329
-1.9606,6.1168
-2.6338,9.8415
-0.2388,-4.8247
0.19331,-7.5757
0.63206,-11.089
-2.5322,11.167
-2.3369,8.5308
-2.4738,12.019
-1.0417,-2.0744
-1.6155,5.4706
0.31415,-7.0334
-2.4551,9.7277
-2.7423,12.934
-0.7947,0.034488
0.19293,-8.1814
-1.8028,6.5184
-2.2656,10.37
-1.1493,0.58159
-2.6364,13.583
-0.98266,2.5724
-0.17161,-4.2193
-0.78226,-0.47903
-2.9092,12.374
-1.5368,5.4691
-1.302,1.2044
0.81358,-9.0544
-0.085148,-4.4986
-1.0571,1.8033
0.30936,-8.6431
-2.0447,4.8442
-1.3483,1.5546
0.41256,-8.1819
0.50238,-5.6369
-0.26962,-2.8952
-0.50925,-1.9073
-1.5861,4.2064
-0.2551,-3.9508
-1.8282,8.2019
-0.42548,-3.3568
-0.71816,1.9799
0.13931,-8.7477
-1.4259,3.3568
-0.36386,-3.3083
-0.20682,-7.4936
-1.8984,8.0729
-0.84376,0.042178
0.59725,-9.8963
-0.88756,1.4528
-1.3086,4.743
-0.54334,-0.9108
-1.2751,2.1734
-0.55686,-2.1297
-1.1348,2.4763
-1.0183,-0.8165
-0.53921,-3.7811
0.36232,-9.06
-0.54813,-1.9979
0.64838,-7.6051
-3.0284,16.228
-1.4493,3.4158
-0.76401,-1.6009
-1.8352,9.1339
-2.276,14.03
-0.38296,-2.9987
-0.3873,-3.9679
-0.71062,-3.1806
-0.60468,-0.22039
-1.8706,7.4548
-1.4977,6.2357
-1.1067,0.33121
-1.6878,6.1179
-0.66812,-2.3011
1.3652,-13.349
-1.4822,3.4753
-0.35255,-3.6025
-2.0344,7.5998
0.33955,-6.7063
-1.9691,8.3494
-0.79128,-1.9926
-1.6186,4.2902
-0.48798,-4.1495
-0.98865,1.7035
-1.044,1.8167
1.9491,-21.877
-1.63,2.3994
-1.0469,1.261
1.683,-16.435
-2.1467,9.1731
-0.447,-5.2023
-2.0765,6.0285
0.03064,-4.7709
-0.67247,-1.4847
-0.34788,-4.0968
-1.2789,4.9589
-0.75481,-1.9231
0.47251,-8.951
-3.2751,17.344
-2.6333,13.537
-0.58453,-3.1875
-1.6548,6.0703
-1.2963,7.2938
-2.4969,8.9897
-1.9048,7.9143
-1.4042,3.4336
-1.7258,4.7294
-1.8665,5.6925
-1.4218,4.6805
-1.9427,11.084
0.34188,-9.4862
-1.9884,8.6565
0.81794,-12.408
-1.3744,6.6393
-2.4517,11.859
-1.6187,5.0557
-0.065499,-4.4898
0.055929,-6.2945
-0.83977,1.6061
-0.7126,-1.27
-0.36709,-5.1007
-2.459,11.448
-1.5817,7.4271
-2.8301,11.778
-1.4491,3.7242
-0.050725,-3.9966
-0.28256,-6.9188
1.2878,-13.819
-0.83327,1.0136
-3.1565,16.21
0.6894,-11.848
0.28228,-7.8588
-1.5826,5.1642
-0.77739,0.90982
-0.22055,-3.3524
-0.61529,-2.1959
-0.30363,-1.3007
-1.1127,1.6992
-1.0388,0.011484
-0.91191,-0.28559
-1.7897,7.776
0.42296,-8.5166
-0.99367,2.3305
-0.31352,-3.6297
-1.8549,10.744
-2.0752,5.8441
-1.091,0.98467
-1.2528,2.6139
0.19482,-7.1063
-0.39394,-0.93069
-0.45949,-2.3903
-2.4449,10.792
-1.9677,7.7831
-0.79795,0.76763
-1.3479,2.3345
0.29009,-7.2047
0.34115,-10.673
-1.5808,4.8857
-0.12486,-6.4944
0.39545,-9.6379
-0.67901,-0.77802
0.62338,-11.941
0.062433,-7.8597
-0.78589,-2.8208
-0.1232,-8.4951
-0.80559,-0.57566
-1.4149,5.6603
-0.64154,-1.7546
-0.96378,0.38838
-1.3646,1.8977
0.77102,-8.7723
-0.77873,-0.91237
1.7304,-15.839
-1.2962,3.6031
-0.4357,-3.3003
0.58262,-8.2471
1.7292,-16.313
-0.69644,-1.2669
-1.7903,8.4563
-0.19662,-1.7895
-2.3199,10.006
-1.2738,2.4943
-0.72813,-0.25033
0.48955,-8.7341
0.43714,-7.6679
-1.0276,0.79504
-0.076069,-4.2696
-1.3213,4.8379
-0.33888,-3.2873
0.91529,-11.979
-0.84324,-2.0208
-1.3005,1.2606
-1.5,2.1909
-0.28353,-5.8673
0.33729,-8.4671
1.1257,-16.164
-0.94595,4.0994
-0.83696,1.018
-1.6327,2.1692
0.61199,-11.908
-1.0754,1.3549
-1.4732,1.6173
1.1842,-14.782
-0.19012,-2.9015
-0.28366,-4.1961
-2.0056,7.8345
-0.56601,-3.5429
-0.47986,-3.448
-2.0922,6.447
-1.2258,3.121
-1.4049,3.0949
-0.47214,-1.4312
-2.007,9.8608
0.089027,-4.849
0.78487,-11.369
-1.3038,2.3168
-1.0087,-0.83228
-0.49336,-2.3126
0.20325,-5.8191
-0.47798,-3.129
-0.60295,-2.0076
-1.4828,5.2842
-1.2315,3.9329
-0.38661,-5.4229
0.68285,-10.303
-0.43161,-2.6192
-2.206,9.088
-0.56694,-0.60791
-1.0921,1.0726
-1.2441,1.4067
-1.2192,2.9391
-1.8798,7.7812
-1.3208,2.8773
-1.7844,7.6432
-1.365,1.1714
-0.88273,-1.4709
-0.82566,-4.9524
-1.2157,3.2941
-1.1526,0.52093
-0.96631,0.37623
-0.54172,-0.60186
0.28163,-7.7644
-0.37991,-3.9595
-1.2867,1.6663
-0.40198,-3.4979
-1.2455,3.6263
-2.7807,10.943
-3.3472,17.09
-2.7136,14.033
-1.2371,0.43979
-1.6196,6.3102
-1.7202,7.0254
-0.95934,-0.64428
-1.659,3.2211
-1.6305,6.0202
-0.39037,-1.9569
-0.21767,-3.5031
1.4366,-14.633
-0.69759,-2.9141
-0.94168,1.5002
-1.5741,4.0649
-1.1952,1.4791
-1.0505,-1.0567
-2.7558,14.816
-1.2574,3.0464
-0.25046,-2.6203
-1.5708,7.2742
-0.50577,-4.1683
-0.0085596,-4.8469
0.07714,-6.452
-0.22316,-2.9468
-3.2598,18.305
-1.5644,6.1626
-0.098509,-6.4843
-0.60532,-1.9188
-0.99515,1.3749
-0.56308,2.8682
0.13007,-4.9012
-0.84623,3.5266
-1.7586,6.8753
-1.1802,2.5706
-1.2078,3.3817
-0.10325,-6.0035
-0.58769,0.074546
-0.45248,-3.0216
-0.85216,-2.1436
-1.3623,4.8459
-0.93886,-1.8468
-0.78329,-3.3464
-2.3981,11.093
-0.82113,-1.7043
-0.072416,-6.8083
-1.1102,1.5099
0.5724,-10.605
-0.43951,-3.2118
-1.4203,4.321
-1.1539,0.25572
-1.2752,1.0062
-0.75888,-3.9094
-0.24531,-4.8106
-1.2919,4.0411
-0.54155,-3.2489
0.75529,-10.336
-0.068509,-4.592
-0.17474,-3.1627
-1.8148,8.1517
-1.5342,3.6211
-0.75745,-1.9982
-1.1006,1.7693
-2.625,11.185
-2.5144,13.695
0.026189,-3.9475
-1.7581,6.3782
1.0783,-14.001
-3.222,17.121
-0.55124,-3.111
-0.99937,0.80241
-1.7562,5.398
-0.59568,-1.6266
-1.7939,8.222
-0.14022,-3.7847
-0.93313,2.3066
-2.6394,10.898
-3.4247,18.009
-1.2838,1.4382
0.14581,-6.3111
-0.81883,0.25345
-0.94575,2.6297
-0.31225,-2.0461
-2.3934,11.624
0.42537,-9.6158
-1.8939,6.4317
-0.96224,-2.4322
-1.3636,2.8156
-0.85044,-2.43
-2.9445,15.855
0.52389,-8.1205
-0.45419,-2.5523
1.0099,-13.454
0.41667,-8.5539
-0.98852,3.4021
-1.939,9.5651
-2.7389,12.305
-0.98303,1.1433
-0.78084,-2.2444
0.045821,-5.5966
-1.951,8.7043
-0.2052,-3.0927
-0.92857,-1.8601
-1.7737,7.1186
-0.22584,-5.6778
-0.73435,-1.4152
-1.2351,3.8405
0.87729,-11.492
-0.39076,-3.4569
-1.1103,2.6989
-0.72254,1.6124
-0.91295,-0.56451
-0.82641,-2.285
-0.54641,-3.9266
-1.6035,3.7045
-1.797,5.4618
-0.63935,-0.59695
0.88509,-15.232
-1.3068,3.4819
-2.0127,6.7844
-1.2385,4.3458
-1.484,3.017
-1.3273,3.2704
-0.52448,-3.7305
-1.13,0.84337
-1.5944,4.6989
-1.4438,3.7083
-2.3225,9.3141
-1.8595,8.675
-2.413,11.6
-1.516,7.4283
-2.0851,8.0585
-1.7072,7.5284
-1.3017,-0.16393
-2.2004,10.27
-1.0194,1.7079
-0.65963,-1.927
-1.9632,8.7213
0.11392,-5.3293
-2.5861,13.542
-1.3918,4.3524
-2.4847,12.174
-1.3446,2.3359
-2.3239,8.4419
-1.5748,4.5526
-1.7407,6.3993
-2.185,10.647
-3.0649,14.025
-0.43494,-3.6556
1.0001,-8.2026
1.2233,-15.303
-1.4922,7.3647
-1.046,2.8033
-1.4657,3.3513
-0.92405,0.31123
-1.9188,7.0069
-2.9195,14.976
-1.0364,3.3627
-2.2251,6.9214
-2.9024,17.255
1.3742,-14.18
-1.2333,1.7615
-0.59612,-1.9816
0.19247,-6.7649
4.5377,27.586
5.8339,38.043
1.7412,8.698
4.8622,30.399
4.3188,26.374
2.6923,15.657
3.5664,21.165
4.3426,30.673
7.5784,46.887
6.7694,40.242
2.6501,12.922
7.0349,43.251
4.7254,28.335
3.9369,23.304
4.7147,28.594
3.795,23.423
3.8759,23.745
5.4897,35.44
5.409,36.471
5.4172,35.669
4.6715,26.649
2.7925,12.068
4.7172,30.343
5.6302,32.411
4.4889,27.477
5.0347,31.194
4.7269,32.459
3.6966,21.799
4.2939,25.243
3.2127,18.932
4.8884,30.51
2.8529,16.194
2.9311,15.684
3.1905,16.524
1.0557,4.1737
5.4384,31.849
4.3252,24.648
3.2451,20.849
5.3703,32.807
2.2885,11.974
3.8978,24.686
3.7586,21.87
4.3192,27.794
4.3129,25.625
3.1351,19.598
3.9699,24.766
3.8351,22.533
4.6277,26.993
5.0933,29.931
5.1093,31.236
3.1363,17.363
4.0774,23.902
2.7859,17.143
2.8865,15.857
3.9932,25.721
5.5326,33.753
3.2303,20.193
4.3714,25.755
3.7744,22.716
5.1174,33.21
2.9109,15.845
4.0326,23.547
4.5525,30.91
5.1006,33.064
5.5442,33.987
4.0859,25.596
2.5084,13.151
3.2577,19.969
2.9384,18.864
6.3505,37.738
3.3844,21.343
4.7481,31.416
3.8076,22.746
4.8886,32.831
3.2352,18.963
2.5977,12.412
2.5776,10.795
4.4882,26.853
3.8226,23.879
3.8039,23.138
5.4193,34.433
4.2916,25.12
4.1978,25.588
5.5877,32.422
3.1955,17.274
4.6966,27.541
4.8351,30.566
3.7563,22.296
4.2157,23.702
2.8342,15.941
2.852,15.013
4.1049,23.693
4.7223,30.319
6.5855,42.015
3.3331,20.014
4.1873,26.659
3.9175,23.709
2.067,11.514
3.561,22.027
2.2053,13.426
4.8404,30.534
3.112,20.056
4.1001,24.726
3.4555,20.169
4.3035,28.724
3.3997,19.07
4.49,27.376
4.7394,30.524
5.7119,36.044
3.8059,24.833
1.8616,10.844
3.1604,18.658
5.3546,32.144
2.9278,17.478
4.961,28.493
4.124,25.234
5.4367,35.163
2.0391,10.799
3.8023,23.996
2.7922,18.818
6.908,45.494
4.8252,30.107
5.379,34.507
2.9418,17.356
3.5314,18.734
3.7275,21.476
5.0984,33.472
3.7221,22.015
4.7015,29.741
1.9482,8.2865
3.6462,21.658
3.1764,19.245
2.4229,11.013
4.508,28.042
4.282,25.665
4.0335,22.779
2.6663,14.74
5.1275,28.848
4.3502,23.126
3.7009,20.117
4.0229,22.627
3.738,20.379
2.2498,9.2561
3.7143,22.475
3.1686,15.799
3.0208,17.414
2.8436,17.238
3.4664,20.315
1.9974,10.326
4.9642,30.069
4.5201,25.296
3.98,23.794
3.9652,25.245
3.2018,21.18
5.0187,30.364
3.8668,20.565
3.2855,19.327
5.3514,33.906
3.7752,22.098
3.411,18.16
3.7062,25.103
3.1521,14.502
2.8799,15.483
6.526,39.386
5.6555,34.44
4.3075,26.613
2.7429,15.539
3.1345,16.93
3.8235,23.983
4.7914,30.423
2.668,15.81
1.6701,7.2659
2.5509,15.622
4.3335,27.323
4.3914,30.579
4.4517,28.761
3.8697,24.89
4.1837,25.349
3.5238,18.723
4.862,29.374
2.6383,13.433
4.455,26.268
3.1513,19.002
3.6651,20.829
4.5528,26.43
5.0391,30.537
2.8824,16.04
5.2607,33.331
4.6601,27.082
3.9321,24.022
3.8048,22.774
3.7824,24.546
3.6969,21.579
4.023,23.951
4.0513,22.543
4.8261,27.558
5.527,35.016
4.4669,26.836
3.7903,23.332
4.6252,26.934
4.1832,28.215
2.9702,17.084
4.9492,32.168
4.3071,25.768
4.1352,24.681
4.5152,28.622
4.2614,26.663
3.0585,15.772
3.8377,20.51
3.8539,21.295
3.468,18.14
5.6821,35.699
3.1243,17.322
3.5162,20.093
3.288,16.983
2.8258,17.103
3.8078,23.353
3.7259,21.97
5.5301,36.136
3.751,20.931
2.9358,17.298
5.6035,35.603
5.2347,33.059
3.7704,21.288
2.4938,14.113
3.5554,20.136
3.8441,21.538
4.2761,24.045
3.7388,23.802
4.4434,25.752
4.3919,26.437
2.7493,13.502
3.052,17
3.2589,13.89
3.4922,18.816
3.6794,19.583
4.0125,22.518
0.97082,2.769
3.543,20.344
5.2424,35.579
2.9333,15.756
4.9337,30.056
4.3503,23.991
3.971,23.062
4.1825,23.19
2.4349,13.248
3.9155,24.736
5.6039,35.692
4.0983,23.595
4.0414,21.765
3.2658,21.191
3.9692,26.957
4.2323,25.789
4.4264,25.412
3.6272,23.279
3.7635,21.452
6.0237,37.237
1.7416,9.7877
6.2294,37.242
4.3376,23.304
5.0001,31.551
2.3358,13.137
3.41,20.076
3.7219,22.849
4.4227,28.59
2.3298,13.976
4.4716,26.375
2.7872,16.884
4.0662,24.725
4.6524,27.72
4.3271,24.412
5.0826,32.47
5.0061,30.395
3.3491,19.581
4.2571,24.548
3.0556,15.087
2.6782,15.145
4.9248,30.285
4,25.854
3.9451,24.86
4.9111,31.915
4.5946,26.945
4.3502,24.969
5.2503,30.665
4.9298,31.185
4.2398,29.966
3.3096,20.361
3.3484,18.309
5.1921,33.519
2.3882,11.134
3.9755,21.629
2.0512,11.662
5.0205,29.839
4.8617,30.434
4.0012,26.182
3.9292,24.131
1.5137,8.2819
4.5812,25.528
1.8076,9.8949
1.6807,11.303
4.0799,25.388
3.0515,15.073
4.4115,26.525
4.677,27.898
4.8577,30.51
3.3088,19.868
4.4494,27.728
4.1006,24.132
4.8261,28.773
4.5362,26.788
4.8979,31.515
3.8681,20.225
3.8528,22.664
5.0078,31.372
1.8763,8.3376
3.4954,21.256
2.7294,15.123
3.6174,19.91
4.6487,28.725
4.8257,29.283
2.9851,16.363
3.5289,19.65
4.137,25.04
3.7081,19.132
4.3018,25.467
4.3999,25.919
3.07,16.174
3.8232,23.789
1.8679,8.1534
5.1454,32.739
3.3709,21.168
2.7962,15.451
3.7461,22.677
2.5714,15.131
3.9791,23.731
3.4393,20.968
6.1778,37.075
5.1385,33.572
1.5031,5.2417
4.4413,24.218
2.6019,16.493
3.7449,22.143
4.1644,25.828
4.7477,28.598
3.727,20.538
5.5763,30.126
3.5191,21.65
4.3275,25.817
4.6647,28.282
4.0852,25.215
4.881,27.884
4.3232,25.102
3.2159,20.363
2.1946,12.467
5.8586,34.843
3.3955,16.423
4.1034,23.83
4.5632,28.217
4.1136,26.241
3.0953,17.902
3.5323,19.038
3.8751,23.612
5.479,32.392
3.1392,16.575
4.7847,28.404
4.3086,24.229
3.7661,21.967
2.943,15.316
3.7159,21.598
3.9133,22.687
2.5306,13.228
4.1922,24.548
3.1777,20.233
3.9058,24.293
4.3362,26.411
3.0953,15.49
3.7117,19.498
4.3501,23.378
2.1641,15.36
5.036,32.651
6.4245,41.126
4.9594,29.114
3.6842,20.049
4.4286,27.804
2.964,19.271
5.8779,34.339
4.9407,29.796
4.7873,29.302
3.1241,14.877
4.3199,27.508
3.4417,19.507
3.6886,24.807
3.43,19.463
2.9743,17.555
3.0913,15.964
3.7901,21.586
2.3011,10.471
4.6076,28.799
3.8822,25.2
4.6992,27.906
4.2696,26.535
4.4943,26.631
2.5169,13.924
2.9797,18.81
3.553,21.102
4.1097,23.154
5.1287,30.463
3.71,21.737
5.2616,32.408
4.4754,25.942
5.1741,32.381
4.1269,26.834
3.3432,19.08
2.5186,13.462
4.1555,21.669
4.8186,28.451
3.7074,19.827
3.4592,19.671
3.6914,22.683
2.9034,18.788
3.507,23.379
3.8193,22.572
4.0458,23.821
3.9362,24.824
4.6113,28.976
4.1093,25.937
5.814,37.72
4.312,23.864
5.8045,37.286
3.2769,18.869
4.5265,26.458
3.7397,21.132
4.6001,30.122
4.5939,26.846
1.814,7.0044
2.673,15.175
2.559,17.166
4.4018,26.812
5.4702,34.621
3.6732,20.294
4.8123,32.193
4.5455,27.957
2.9484,17.563
4.3975,25.271
3.2481,20.132
5.5163,35.064
3.9674,21.988
5.636,35.35
3.5749,20.37
4.5894,28.236
3.9372,23.179
1.978,9.7549
3.0179,15.626
4.6125,27.727
3.9451,24.806
2.8813,18.978
3.3736,17.884
4.2495,29.397
3.007,19.507
4.975,30.988
3.3593,19.113
5.8089,35.401
2.9201,17.836
4.1992,24.301
2.479,12.791
3.2764,20.373
3.4067,20.581
4.4013,28.156
4.9421,31.281
4.3005,25.454
3.6269,20.631
4.8155,30.858
4.7989,28.475
4.1202,26.664
4.5712,29.164
4.4128,27.293
3.013,17.195
4.7596,29.806
3.3428,24.917
3.3961,19.659
4.1769,22.814
3.6925,24.839
3.8682,24.033
4.5954,27.106
5.0468,35.269
3.802,23.486
4.3277,26.716
3.7617,21.153
4.2296,23.938
4.44,24.302
3.3831,19.09
4.2748,24.268
4.6011,29.149
4.0923,24.146
5.7298,38.671
3.3914,22.136
3.2629,19.168
2.2501,11.489
4.9105,32.064
4.8671,28.21
-0.3263,13.747
-1.6691,26.256
-1.4003,24.538
-1.6718,25.764
-0.42437,17.272
-1.7781,25.553
-2.0636,29.456
-0.44702,15.87
-1.4234,22.69
-0.63841,19.626
-1.3519,26.035
-0.73046,18.543
-3.5644,37.914
-0.53414,18.416
0.85356,9.8683
0.039289,15.325
-0.089103,15.132
-1.2397,21.673
-0.819,20.725
-0.75575,19.192
-0.90361,22.464
-1.8305,24.553
-1.3523,23.649
-1.1748,24.2
-1.4807,23.551
-0.16316,14.26
1.5383,2.042
-2.3233,29.7
-0.87166,19.804
-2.4424,31.164
0.30251,10.647
0.40991,11.399
-2.6625,31.538
0.94368,7.0185
-2.0847,27.189
-0.77318,18.998
0.098929,18.936
-0.85281,25.252
1.2957,6.933
1.7526,3.2244
-0.86168,18.07
-2.9071,33.255
-1.365,22.561
-1.8481,27.68
-1.7648,27.023
-2.1277,28.949
-0.92181,19.934
1.1066,5.0329
-1.7158,25.948
-1.2805,24.697
0.16648,13.612
0.21282,12.911
-0.51446,18.666
0.026016,14.824
-0.12927,12.493
-1.3818,23.663
-0.57111,17.382
-1.2991,19.919
-1.8999,25.155
-0.36525,16.126
-0.93255,21.811
-1.1871,21.937
-0.70827,19.393
-0.012305,12.797
-0.60707,14.954
-0.80545,19.803
-0.72022,17.599
-0.94878,22.459
-1.7745,29.026
-0.21322,14.997
0.40891,13.123
-1.5341,26.16
0.92776,5.5109
-1.1762,22.165
-1.2438,23.086
-1.8976,28.002
-1.7923,27.513
-1.953,28.618
-0.64609,19.607
0.59703,9.4973
-0.47253,17.947
-0.1458,11.623
0.34185,9.935
-3.4995,40.105
-1.1676,21.135
-0.64698,19.071
-0.28275,18.382
-2.3049,28.629
-2.0059,26.457
-0.20932,14.783
-1.1166,22.486
-0.44691,16.867
-1.9606,26.117
-2.6338,29.842
-0.2388,15.175
0.19331,12.424
0.63206,8.9114
-2.5322,31.167
-2.3369,28.531
-2.4738,32.019
-1.0417,17.926
-1.6155,25.471
0.31415,12.967
-2.4551,29.728
-2.7423,32.934
-0.7947,20.034
0.19293,11.819
-1.8028,26.518
-2.2656,30.37
-1.1493,20.582
-2.6364,33.583
-0.98266,22.572
-0.17161,15.781
-0.78226,19.521
-2.9092,32.374
-1.5368,25.469
-1.302,21.204
0.81358,10.946
-0.085148,15.501
-1.0571,21.803
0.30936,11.357
-2.0447,24.844
-1.3483,21.555
0.41256,11.818
0.50238,14.363
-0.26962,17.105
-0.50925,18.093
-1.5861,24.206
-0.2551,16.049
-1.8282,28.202
-0.42548,16.643
-0.71816,21.98
0.13931,11.252
-1.4259,23.357
-0.36386,16.692
-0.20682,12.506
-1.8984,28.073
-0.84376,20.042
0.59725,10.104
-0.88756,21.453
-1.3086,24.743
-0.54334,19.089
-1.2751,22.173
-0.55686,17.87
-1.1348,22.476
-1.0183,19.183
-0.53921,16.219
0.36232,10.94
-0.54813,18.002
0.64838,12.395
-3.0284,36.228
-1.4493,23.416
-0.76401,18.399
-1.8352,29.134
-2.276,34.03
-0.38296,17.001
-0.3873,16.032
-0.71062,16.819
-0.60468,19.78
-1.8706,27.455
-1.4977,26.236
-1.1067,20.331
-1.6878,26.118
-0.66812,17.699
1.3652,6.651
-1.4822,23.475
-0.35255,16.397
-2.0344,27.6
0.33955,13.294
-1.9691,28.349
-0.79128,18.007
-1.6186,24.29
-0.48798,15.85
-0.98865,21.703
-1.044,21.817
1.9491,-1.877
-1.63,22.399
-1.0469,21.261
1.683,3.565
-2.1467,29.173
-0.447,14.798
-2.0765,26.029
0.03064,15.229
-0.67247,18.515
-0.34788,15.903
-1.2789,24.959
-0.75481,18.077
0.47251,11.049
-3.2751,37.344
-2.6333,33.537
-0.58453,16.812
-1.6548,26.07
-1.2963,27.294
-2.4969,28.99
-1.9048,27.914
-1.4042,23.434
-1.7258,24.729
-1.8665,25.693
-1.4218,24.68
-1.9427,31.084
0.34188,10.514
-1.9884,28.657
0.81794,7.5919
-1.3744,26.639
-2.4517,31.859
-1.6187,25.056
-0.065499,15.51
0.055929,13.705
-0.83977,21.606
-0.7126,18.73
-0.36709,14.899
-2.459,31.448
-1.5817,27.427
-2.8301,31.778
-1.4491,23.724
-0.050725,16.003
-0.28256,13.081
1.2878,6.1809
-0.83327,21.014
-3.1565,36.21
0.6894,8.1524
0.28228,12.141
-1.5826,25.164
-0.77739,20.91
-0.22055,16.648
-0.61529,17.804
-0.30363,18.699
-1.1127,21.699
-1.0388,20.011
-0.91191,19.714
-1.7897,27.776
0.42296,11.483
-0.99367,22.33
-0.31352,16.37
-1.8549,30.744
-2.0752,25.844
-1.091,20.985
-1.2528,22.614
0.19482,12.894
-0.39394,19.069
-0.45949,17.61
-2.4449,30.792
-1.9677,27.783
-0.79795,20.768
-1.3479,22.335
0.29009,12.795
0.34115,9.3266
-1.5808,24.886
-0.12486,13.506
0.39545,10.362
-0.67901,19.222
0.62338,8.0593
0.062433,12.14
-0.78589,17.179
-0.1232,11.505
-0.80559,19.424
-1.4149,25.66
-0.64154,18.245
-0.96378,20.388
-1.3646,21.898
0.77102,11.228
-0.77873,19.088
1.7304,4.1609
-1.2962,23.603
-0.4357,16.7
0.58262,11.753
1.7292,3.6871
-0.69644,18.733
-1.7903,28.456
-0.19662,18.21
-2.3199,30.006
-1.2738,22.494
-0.72813,19.75
0.48955,11.266
0.43714,12.332
-1.0276,20.795
-0.076069,15.73
-1.3213,24.838
-0.33888,16.713
0.91529,8.0215
-0.84324,17.979
-1.3005,21.261
-1.5,22.191
-0.28353,14.133
0.33729,11.533
1.1257,3.8362
-0.94595,24.099
-0.83696,21.018
-1.6327,22.169
0.61199,8.0924
-1.0754,21.355
-1.4732,21.617
1.1842,5.2178
-0.19012,17.098
-0.28366,15.804
-2.0056,27.834
-0.56601,16.457
-0.47986,16.552
-2.0922,26.447
-1.2258,23.121
-1.4049,23.095
-0.47214,18.569
-2.007,29.861
0.089027,15.151
0.78487,8.6305
-1.3038,22.317
-1.0087,19.168
-0.49336,17.687
0.20325,14.181
-0.47798,16.871
-0.60295,17.992
-1.4828,25.284
-1.2315,23.933
-0.38661,14.577
0.68285,9.6974
-0.43161,17.381
-2.206,29.088
-0.56694,19.392
-1.0921,21.073
-1.2441,21.407
-1.2192,22.939
-1.8798,27.781
-1.3208,22.877
-1.7844,27.643
-1.365,21.171
-0.88273,18.529
-0.82566,15.048
-1.2157,23.294
-1.1526,20.521
-0.96631,20.376
-0.54172,19.398
0.28163,12.236
-0.37991,16.04
-1.2867,21.666
-0.40198,16.502
-1.2455,23.626
-2.7807,30.943
-3.3472,37.09
-2.7136,34.033
-1.2371,20.44
-1.6196,26.31
-1.7202,27.025
-0.95934,19.356
-1.659,23.221
-1.6305,26.02
-0.39037,18.043
-0.21767,16.497
1.4366,5.3669
-0.69759,17.086
-0.94168,21.5
-1.5741,24.065
-1.1952,21.479
-1.0505,18.943
-2.7558,34.816
-1.2574,23.046
-0.25046,17.38
-1.5708,27.274
-0.50577,15.832
-0.0085596,15.153
0.07714,13.548
-0.22316,17.053
-3.2598,38.305
-1.5644,26.163
-0.098509,13.516
-0.60532,18.081
-0.99515,21.375
-0.56308,22.868
0.13007,15.099
-0.84623,23.527
-1.7586,26.875
-1.1802,22.571
-1.2078,23.382
-0.10325,13.997
-0.58769,20.075
-0.45248,16.978
-0.85216,17.856
-1.3623,24.846
-0.93886,18.153
-0.78329,16.654
-2.3981,31.093
-0.82113,18.296
-0.072416,13.192
-1.1102,21.51
0.5724,9.3946
-0.43951,16.788
-1.4203,24.321
-1.1539,20.256
-1.2752,21.006
-0.75888,16.091
-0.24531,15.189
-1.2919,24.041
-0.54155,16.751
0.75529,9.6635
-0.068509,15.408
-0.17474,16.837
-1.8148,28.152
-1.5342,23.621
-0.75745,18.002
-1.1006,21.769
-2.625,31.185
-2.5144,33.695
0.026189,16.052
-1.7581,26.378
1.0783,5.9991
-3.222,37.121
-0.55124,16.889
-0.99937,20.802
-1.7562,25.398
-0.59568,18.373
-1.7939,28.222
-0.14022,16.215
-0.93313,22.307
-2.6394,30.898
-3.4247,38.009
-1.2838,21.438
0.14581,13.689
-0.81883,20.253
-0.94575,22.63
-0.31225,17.954
-2.3934,31.624
0.42537,10.384
-1.8939,26.432
-0.96224,17.568
-1.3636,22.816
-0.85044,17.57
-2.9445,35.855
0.52389,11.879
-0.45419,17.448
1.0099,6.5465
0.41667,11.446
-0.98852,23.402
-1.939,29.565
-2.7389,32.305
-0.98303,21.143
-0.78084,17.756
0.045821,14.403
-1.951,28.704
-0.2052,16.907
-0.92857,18.14
-1.7737,27.119
-0.22584,14.322
-0.73435,18.585
-1.2351,23.84
0.87729,8.5077
-0.39076,16.543
-1.1103,22.699
-0.72254,21.612
-0.91295,19.435
-0.82641,17.715
-0.54641,16.073
-1.6035,23.704
-1.797,25.462
-0.63935,19.403
0.88509,4.7683
-1.3068,23.482
-2.0127,26.784
-1.2385,24.346
-1.484,23.017
-1.3273,23.27
-0.52448,16.269
-1.13,20.843
-1.5944,24.699
-1.4438,23.708
-2.3225,29.314
-1.8595,28.675
-2.413,31.6
-1.516,27.428
-2.0851,28.058
-1.7072,27.528
-1.3017,19.836
-2.2004,30.27
-1.0194,21.708
-0.65963,18.073
-1.9632,28.721
0.11392,14.671
-2.5861,33.542
-1.3918,24.352
-2.4847,32.174
-1.3446,22.336
-2.3239,28.442
-1.5748,24.553
-1.7407,26.399
-2.185,30.647
-3.0649,34.025
-0.43494,16.344
1.0001,11.797
1.2233,4.6965
-1.4922,27.365
-1.046,22.803
-1.4657,23.351
-0.92405,20.311
-1.9188,27.007
-2.9195,34.976
-1.0364,23.363
-2.2251,26.921
-2.9024,37.255
1.3742,5.8201
-1.2333,21.762
-0.59612,18.018
0.19247,13.235